t = 0
b = 75.792152 75.792152 75.792152
E = 0.000000 0.000000 0.000000
-3.9359951222837397 -0.8991888145786153 18.73306243325329 -0.7006373768279179 -0.6396187528213885 -0.31622004558678096 0.5445927504223078 -0.19292510872531643 -0.8162099231268821 0.0 0.0 0.0 0.0 0.0 0.0
-3.620531521483916 -1.2939510448462082 18.475298632308053 -0.923641969322093 -0.2837509408799362 -0.25762553455850756 0.32404030367368286 -0.2196343204695104 -0.9201948961317727 0.0 0.0 0.0 0.0 0.0 0.0
-3.360615021131721 -1.8460649506926505 18.197471530875788 -0.9327573345361855 0.2141182603574364 -0.29002952513572794 0.19252932510091492 -0.3842718701944809 -0.9029216958039176 0.0 0.0 0.0 0.0 0.0 0.0
-3.653182965484856 -2.301864434139469 17.834890085700874 -0.30552102057800995 0.8533325208451715 -0.4224695431069513 0.14850966278172273 -0.3955335461518228 -0.9063653203477187 0.0 0.0 0.0 0.0 0.0 0.0
-3.7755654692024745 -2.3208421382171087 17.310464115207015 0.40709785717046354 0.9028669407263801 -0.13821223545910977 -0.02047412580189261 -0.14217777483423874 -0.9896293702774958 0.0 0.0 0.0 0.0 0.0 0.0
-3.973423925804178 -2.2231047487673163 16.731359327306876 0.755847410976567 0.6248532125307966 0.19558413562956384 0.3288355084647965 -0.10395397391293872 -0.9386483791497255 0.0 0.0 0.0 0.0 0.0 0.0
-4.107145652344056 -2.0190790269447225 16.18723274064904 0.8874036228601253 0.26498858182628693 0.3772212369902015 0.37252169179901296 0.0700345267295279 -0.9253770875729377 0.0 0.0 0.0 0.0 0.0 0.0
-3.9506819782706124 -1.643307932577714 15.83455356571111 0.8997418257588414 -0.2936903697693831 0.32281668743246483 0.41824599217522385 0.36953820577010305 -0.8297661143392007 0.0 0.0 0.0 0.0 0.0 0.0
-3.5826250293496127 -1.4125225013696485 15.552117085387806 0.6724057118702887 -0.7091933208730661 0.21193251820624984 0.6070570213362352 0.36461341869571107 -0.706072820432428 0.0 0.0 0.0 0.0 0.0 0.0
-3.085102870392111 -0.9298691007278703 15.52339897863348 0.30063197957449617 -0.9515039452785867 -0.06527369283565795 0.6899444714209634 0.2641289067976755 -0.6739529263602261 0.0 0.0 0.0 0.0 0.0 0.0
-2.6402030993190895 -0.9926552594505752 15.281759949518664 -0.2948096663320712 -0.8388922443812309 -0.45754460214736875 0.6794793082756474 0.15256079078930188 -0.7176580486129801 0.0 0.0 0.0 0.0 0.0 0.0
-1.9761461023714484 -1.1784639880253582 15.120953422164828 -0.7478107165934406 -0.4198857378527901 -0.5142714257041927 0.5383540179484687 0.06984588750642301 -0.8398193278063919 0.0 0.0 0.0 0.0 0.0 0.0
-1.8288956719104643 -1.2493699616498397 14.649518666353602 -0.8844742753128256 0.21246044673775286 -0.41541041739687556 0.46104132713773505 0.26063611775773055 -0.8482391813582147 0.0 0.0 0.0 0.0 0.0 0.0
-1.6387297487673165 -1.3643460906316034 14.16085544337481 -0.7205909057020132 0.6811163042940346 -0.1297278946271328 0.22764408245407006 0.05571328776768123 -0.9721492690373018 0.0 0.0 0.0 0.0 0.0 0.0
-1.8606186898332944 -1.7217106421695234 13.651557730687955 -0.26990013586105455 0.9596656523877846 0.07871310112879612 0.2713944483985974 0.15423956157166877 -0.9500290579895967 0.0 0.0 0.0 0.0 0.0 0.0
-2.052502010003771 -1.4875415341487188 13.105391790646545 0.2884540322700549 0.8491190542163183 0.4424828844530953 0.24593906809855132 0.38089659055349007 -0.891309016047489 0.0 0.0 0.0 0.0 0.0 0.0
-2.3092385243014797 -1.027372182437192 12.703370803005399 0.7224244600795396 0.4196888807588341 0.5495126412068995 0.4064603185518414 0.38512449831151 -0.8285343265327293 0.0 0.0 0.0 0.0 0.0 0.0
-2.202088980910301 -0.5370445473756111 12.531188854973777 0.925384549076122 -0.11688674893495814 0.36055640925463855 0.3754497701597534 0.41261115549079735 -0.829933433747272 0.0 0.0 0.0 0.0 0.0 0.0
-1.9623503169758152 -0.29933865539641547 12.2571378257807 0.710539962222405 -0.7015662319594298 0.05420133078837362 0.4118039608471823 0.35216475985634577 -0.8404745562751408 0.0 0.0 0.0 0.0 0.0 0.0
-1.6158370509509277 -0.03742662596853722 12.033532910698911 0.18838827295233462 -0.9631126182934586 -0.19215603841137827 0.3401510571041114 0.24754127497037104 -0.9072048145468579 0.0 0.0 0.0 0.0 0.0 0.0
-0.9766803987278276 0.032113812461311876 11.812016620774546 -0.4451290130614802 -0.8392847792413397 -0.31218779775117445 0.4495707229597595 0.09196317330168409 -0.8884981372032942 0.0 0.0 0.0 0.0 0.0 0.0
-0.7895124051029192 -0.02832041950379588 11.401831415825312 -0.7877914754943776 -0.47052146896270136 -0.39748476497039853 0.4401271049124068 0.021440102420328788 -0.8976794826270839 0.0 0.0 0.0 0.0 0.0 0.0
-0.553119130077483 -0.30436648861235027 11.000601667057992 -0.9368107993601447 -0.03737807954061394 -0.347833876113386 0.34690983483281973 -0.2278288053265904 -0.9098063540994447 0.0 0.0 0.0 0.0 0.0 0.0
-0.5025460788917586 -0.7393974524536274 10.685911452218829 -0.590568546972689 0.6923219114848754 -0.41463135699618175 0.34483515258947367 -0.24795468216898456 -0.905321596521961 0.0 0.0 0.0 0.0 0.0 0.0
-0.6251716507645129 -1.185076878197329 10.16193871089386 -0.2453453805846351 0.9614028650154391 -0.12453985452812183 0.12656539385133275 -0.09559841032523657 -0.9873409466959955 0.0 0.0 0.0 0.0 0.0 0.0
-0.6877827346012365 -1.114408703138452 9.675710260624557 0.22085352039639625 0.9750925128792955 -0.02045272244126178 0.07258647889108645 -0.037328675896625856 -0.9966633198016261 0.0 0.0 0.0 0.0 0.0 0.0
-0.9258276590749002 -0.9997495499726072 9.280961884636454 0.8763122873549165 0.48149618410265044 0.015433720399861055 -0.036105724956800096 0.09761554569837048 -0.9945690432862634 0.0 0.0 0.0 0.0 0.0 0.0
-1.1761901712594363 -0.5445367030246109 8.85550741033249 0.9925168990401102 -0.10998917281930863 0.05303382865990276 0.06851990700826574 0.14255594193878407 -0.9874121863545763 0.0 0.0 0.0 0.0 0.0 0.0
-0.9886358300070439 -0.3339594584018158 8.431443218282851 0.8041542178404528 -0.5925724675985663 0.04683870806881383 0.2309792196910323 0.23887566615199826 -0.9431792068272926 0.0 0.0 0.0 0.0 0.0 0.0
-0.6759802770603428 -0.046540658996634586 8.095452766690148 0.27687735695456706 -0.9562407227549499 -0.09456537078098065 0.3570240674216583 0.19374132531081428 -0.9137823122322429 0.0 0.0 0.0 0.0 0.0 0.0
-0.32980893402207095 0.10022525827659073 7.7454911657666115 -0.22895603967409794 -0.9707953789984929 -0.07166215187897607 0.4216156522951969 -0.0326570461449894 -0.9061863820852638 0.0 0.0 0.0 0.0 0.0 0.0
0.30897070908664004 -0.05834336111763325 7.5076419053768495 -0.7739015032648691 -0.6125554438953553 -0.16078647766071655 0.2833745380025011 -0.10793697687275218 -0.9529157781438189 0.0 0.0 0.0 0.0 0.0 0.0
0.5333228163888236 -0.4264131838459731 7.124640467245831 -0.9764477788480489 -0.06379085775855459 -0.20610788837193847 0.21206079278116632 -0.10819065287530029 -0.9712491970629574 0.0 0.0 0.0 0.0 0.0 0.0
0.5474211473741879 -0.5312710338890194 6.644360961101978 -0.9034352376346234 0.4079277503264796 -0.13190800549492404 0.1351916583131478 -0.02083056318595933 -0.9906004760547498 0.0 0.0 0.0 0.0 0.0 0.0
0.45380737849260383 -0.7683325017609766 6.127399330828832 -0.4673507297066534 0.8822696422994779 0.056423166513497346 0.29184701529733187 0.21432565302339363 -0.9321426039604321 0.0 0.0 0.0 0.0 0.0 0.0
0.06917970500971203 -0.9393476915195627 5.654240218574567 0.1092152262658254 0.9909648222547026 0.07785085359461429 0.06950732657697162 0.07049915110393311 -0.9950872329829917 0.0 0.0 0.0 0.0 0.0 0.0
-0.19113179221185794 -0.736472496744861 5.153596305862097 0.5809762547475704 0.8085501797274188 0.09334451393759031 -0.008365244613419611 0.12058323525826345 -0.9926679737239475 0.0 0.0 0.0 0.0 0.0 0.0
-0.13965328324332787 -0.46544180950144787 4.761508961415042 0.9529912702701561 0.3001985304390833 0.04109113178155869 0.020608339208596903 0.07090953917477744 -0.9972698399175041 0.0 0.0 0.0 0.0 0.0 0.0
-0.230291735149096 0.03370803005400328 4.247431908898802 0.9529665991034327 -0.14434366882701702 0.2664949647981998 0.2905486985703781 0.18525695216135155 -0.9387551946247468 0.0 0.0 0.0 0.0 0.0 0.0
0.1280596971119982 0.27331092979572663 3.9547428973937544 0.593030336617947 -0.8050990008903177 -0.011428850170365143 0.33068835612500336 0.25640473117070467 -0.9082410610386549 0.0 0.0 0.0 0.0 0.0 0.0
0.4194720004695938 0.43185753698051177 3.552007513500822 0.23719774164675503 -0.969298498955867 0.06478928367857029 0.47757576047277595 0.058219998405833896 -0.8766594691181259 0.0 0.0 0.0 0.0 0.0 0.0
1.0457193590044613 0.5676618631134068 3.385140291148156 -0.3609994523210354 -0.9188228954424289 -0.15951138590929484 0.4189702983938974 -0.0070113850234111335 -0.9079728682861521 0.0 0.0 0.0 0.0 0.0 0.0
1.2474368005008998 0.38293417860217577 2.9354425921577834 -0.7711603749546474 -0.564464992928646 -0.294433265542247 0.3629659687108505 -0.00980812047240017 -0.931750774794737 0.0 0.0 0.0 0.0 0.0 0.0
1.6461717432602616 0.10378734515855904 2.5964481632478806 -0.9713636467154831 -0.03472489684587352 -0.23504647918792876 0.23740899561892467 -0.10522352679544406 -0.9656940396460681 0.0 0.0 0.0 0.0 0.0 0.0
1.625062367926743 -0.19277926156374744 2.0222213254285046 -0.9457440802403502 0.3194148481695559 0.0595171358446776 -0.058822731118509386 0.011886827539848979 -0.998197670621805 0.0 0.0 0.0 0.0 0.0 0.0
1.3320988708403592 -0.4004354415248991 1.668025642667577 -0.37178237392711444 0.9273085228136861 0.043321703039221615 -0.13347738465039866 -0.007225510201498855 -0.9910255192421724 0.0 0.0 0.0 0.0 0.0 0.0
0.9552161598966894 -0.3839956562573374 1.249108505517727 0.16509013436713743 0.9754308617014229 0.14587625432214815 -0.16462648898646945 0.17317203506923406 -0.9710353059461678 0.0 0.0 0.0 0.0 0.0 0.0
0.6082560460201926 -0.15393504930734914 1.0346839046724583 0.6785745171029581 0.7285629642122466 -0.09344855224534952 -0.18774171148206717 0.04898285966515616 -0.9809962941972857 0.0 0.0 0.0 0.0 0.0 0.0
0.397959401481355 0.28184521903704807 0.6955360128640239 0.9742962336148574 0.18746520094850852 -0.12491456118979288 -0.13580692579295803 0.046535093624669926 -0.9896418362054068 0.0 0.0 0.0 0.0 0.0 0.0
0.49439422399624305 0.4427719241606011 0.2543914357830477 0.7915658581630205 -0.6086874751631753 -0.05406523624400188 -0.0415070972541793 0.03454726048261349 -0.9985407591434005 0.0 0.0 0.0 0.0 0.0 0.0
-0.46838312984268615 1.3687265203099317 0.008947963136886599 -0.39133531488739043 0.3526916328887746 -0.8499795782324637 -0.623274658459192 0.5780220631217602 0.5267059850305874 0.0 0.0 0.0 0.0 0.0 0.0
-0.47960935665649207 1.8251863700399154 0.18084864404789855 -0.6882889206933909 -0.14680351617214643 -0.7104273990283747 -0.6814981086981822 0.4665382107264939 0.5638283655270655 0.0 0.0 0.0 0.0 0.0 0.0
0.5358982448931674 1.6221200692650855 1.1138361411129374 0.5075363454583295 0.44785819761851847 0.7360909542065405 -0.8029137818982712 0.5557633418492314 0.2155378544348754 0.0 0.0 0.0 0.0 0.0 0.0
0.8329566799718243 0.9212586581357126 0.1868543085231275 0.5740461293528649 -0.8128086787297193 0.09906105772018456 0.402337138186106 0.17451934336556157 -0.89870341382876 0.0 0.0 0.0 0.0 0.0 0.0
1.1882851021366512 1.0992677271660014 -0.18918760272364402 -0.03755047067365204 -0.9948153679918212 0.09451108802402244 0.2249020151282866 -0.10062505285007325 -0.9691716475063414 0.0 0.0 0.0 0.0 0.0 0.0
1.657303250869816 0.9788825090539109 -0.5092068845297303 -0.7486715938336069 -0.662580896712806 -0.021849482783370434 0.04550184564559983 -0.018536942371650426 -0.9987922525782597 0.0 0.0 0.0 0.0 0.0 0.0
1.6892499706503872 0.677965044611411 -0.9561516787978399 -0.9771787849858171 -0.18995658891202208 0.0950690091594072 -0.054528776460368196 -0.20818604746412864 -0.9765680632598011 0.0 0.0 0.0 0.0 0.0 0.0
1.652415206301095 0.2199050851316642 -1.3784499135520503 -0.91471272536777 0.3568107814202509 0.1897015980758631 -0.2630391506491249 -0.16923972752622557 -0.9498254154594074 0.0 0.0 0.0 0.0 0.0 0.0
1.3373601001800108 0.04328089535884793 -1.693840494638804 -0.6628394975118048 0.7484308457286784 0.022250161800612935 -0.3618776839557649 -0.2940997771840493 -0.8846184843847116 0.0 0.0 0.0 0.0 0.0 0.0
0.830362907959615 -0.37040678563042967 -1.8747982214134773 0.044016715686129596 0.9694868141377235 -0.2411593787379907 -0.418490981803786 -0.2012015808756134 -0.8856541209761615 0.0 0.0 0.0 0.0 0.0 0.0
0.35728750880488375 -0.3007784984738201 -2.2888368748532506 0.5802632475771137 0.7803990446360153 -0.2329632903323093 -0.31438779358735175 -0.0492382874310889 -0.9480168280648452 0.0 0.0 0.0 0.0 0.0 0.0
0.25343977459497535 -0.15104093292635204 -2.8102645378414333 0.9326834390305557 0.3214231362908842 -0.1636727528181385 -0.1999826594305513 0.08323603537552446 -0.9762574959210549 0.0 0.0 0.0 0.0 0.0 0.0
0.11408390075917663 0.05722000469593802 -3.3380018783752052 0.984837373059193 -0.16704018843470742 0.04682866721961107 0.03478296375905297 -0.07435226920184063 -0.9966252482737297 0.0 0.0 0.0 0.0 0.0 0.0
0.24371918290678568 0.5953789034984738 -3.808743249589105 0.6166503325257612 -0.7832168016562827 0.0794594802347173 0.17575295911767083 0.038560067390743004 -0.9836788188042903 0.0 0.0 0.0 0.0 0.0 0.0
0.4736088283634656 0.5277686467871957 -4.270356891289036 0.19938833551666266 -0.9727135720074804 0.1186279835972225 0.386702847418026 -0.03312575612823113 -0.9216092404483169 0.0 0.0 0.0 0.0 0.0 0.0
1.1404745832355014 0.6285256222117869 -4.556354924864992 -0.35438221902099604 -0.9344499564711525 0.034878671029960735 0.2834063715729497 -0.1428315316580453 -0.9483037393768264 0.0 0.0 0.0 0.0 0.0 0.0
1.3220863172106128 0.31398949283869443 -4.929296783282462 -0.887564584147272 -0.44949856367466634 -0.10089673048167673 0.20680313703763833 -0.19325951008896924 -0.9591054291742714 0.0 0.0 0.0 0.0 0.0 0.0
1.4414964389136735 0.007180871879157877 -5.314236518744617 -0.9871342662609606 0.13584087248855609 -0.08433977552129747 0.06097556466098382 -0.16800767471282826 -0.9838980647159861 0.0 0.0 0.0 0.0 0.0 0.0
1.4423390173749706 -0.34345283517257574 -5.680536804414183 -0.7307661039526945 0.6665428664156406 -0.14731431887030316 0.027241860971868436 -0.18700474002418963 -0.9819812158179374 0.0 0.0 0.0 0.0 0.0 0.0
1.1061722235266493 -0.8450780699694763 -6.153461786804413 -0.3829631944712966 0.9237378173511253 -0.0069019182637312815 -0.12060427889718338 -0.05739850405276867 -0.9910398678379163 0.0 0.0 0.0 0.0 0.0 0.0
0.9027745167097125 -0.6692768255459027 -6.630273147061125 0.2022436248542781 0.9729946175331814 0.11126091163234414 -0.2391243155716976 0.159202952191368 -0.9578486215033774 0.0 0.0 0.0 0.0 0.0 0.0
0.5392306488221021 -0.4986773107928308 -6.985657822650073 0.7529714009282868 0.6566068531927077 -0.043606303723921665 -0.3390835256991076 0.33037231335295153 -0.8808385193491948 0.0 0.0 0.0 0.0 0.0 0.0
0.2649839555451201 -0.15593644830554906 -7.316005322063081 0.963630287777431 0.23956171958712663 -0.11843500743633421 -0.2260750051710463 0.49455996160684357 -0.8392261533176554 0.0 0.0 0.0 0.0 0.0 0.0
0.04861007349854493 0.47112709627384436 -7.4907468675958935 0.9584658117984144 -0.18986360159699792 -0.21282645606743275 -0.05735176054684403 0.6027650838179867 -0.7958549046730019 0.0 0.0 0.0 0.0 0.0 0.0
0.2739258041793849 0.754093292635204 -7.907353056272991 0.6074457037253391 -0.6975307091227159 -0.3800797638080573 -0.003592885198038593 0.47604873307698303 -0.879411561734182 0.0 0.0 0.0 0.0 0.0 0.0
0.5263826335674188 1.1824976698186374 -8.33463894640227 0.13386203057697052 -0.9426351358202567 -0.30581032926789176 -0.010367610104244585 0.30718176626606186 -0.9515943858253835 0.0 0.0 0.0 0.0 0.0 0.0
0.7257829009157081 1.2076228281286687 -8.802469769899037 -0.3996663231681144 -0.9014716113583118 -0.16617991467180737 0.13573868863251845 0.12102714605785346 -0.9833246861161451 0.0 0.0 0.0 0.0 0.0 0.0
1.2322178034749942 1.0251342744775769 -9.217634714721767 -0.8703122390358556 -0.4901801466322826 -0.047749664207713594 0.06612535932214027 -0.02045438661937944 -0.9976016514233238 0.0 0.0 0.0 0.0 0.0 0.0
1.2114772994087384 0.6669797292009078 -9.546464883633233 -0.9186795389793483 0.367098368624675 -0.14583104063879607 0.09200577926351643 -0.1601581205024546 -0.9827941356251747 0.0 0.0 0.0 0.0 0.0 0.0
1.0145339281521484 0.7123542302574939 -10.135321280425766 -0.8175695148831269 0.5598807915793143 0.1345867287450326 -0.20505124546587342 -0.06461872557003182 -0.9766157929496118 0.0 0.0 0.0 0.0 0.0 0.0
0.6125924512796431 0.21301215073961022 -10.475504079596151 -0.2617189071612524 0.9577083887140913 0.11957364183204863 -0.18919498718909897 0.07055934796185899 -0.9794011615460306 0.0 0.0 0.0 0.0 0.0 0.0
0.42949489316741024 0.42311502113172106 -10.931057760037568 0.18106914663893803 0.9657625927445566 0.18578637891610497 -0.30676781054136154 0.23497371909185474 -0.9223236209442982 0.0 0.0 0.0 0.0 0.0 0.0
0.002696495656257339 0.6405516259685373 -11.182195057525236 0.8579735762870507 0.507709945037517 -0.078178987606708 -0.19265650071075457 0.176989613510642 -0.9651726008560544 0.0 0.0 0.0 0.0 0.0 0.0
-0.19327698207716992 0.988718008922282 -11.582851999686937 0.9832721456153504 -0.1747640638374727 -0.051316757964599544 -0.02234429284557258 0.16382685620765444 -0.9862360233546268 0.0 0.0 0.0 0.0 0.0 0.0
-0.08096579791813412 1.2823941457306094 -12.059153165844876 0.7989809111439845 -0.5945695774079113 0.0900917379591816 0.21717376067272834 0.14574450380313086 -0.9651912231710583 0.0 0.0 0.0 0.0 0.0 0.0
0.2031690244188777 1.5664585289974169 -12.375476931204508 0.4394009936812287 -0.8929528038393922 -0.0977857702701003 0.2950355221943393 0.2463013117266945 -0.9231953772009602 0.0 0.0 0.0 0.0 0.0 0.0
0.7345107419582062 1.8173353486733972 -12.729774448227284 -0.19675411756103584 -0.9746322449042406 -0.10667616610892239 0.45259143273166347 0.006192647529014297 -0.8916964988910081 0.0 0.0 0.0 0.0 0.0 0.0
1.0695077091649057 1.6273968850277842 -12.985978711747666 -0.6797894707964715 -0.6089032931395002 -0.40880686760146934 0.49843523241226534 0.02535804375959772 -0.8665559928284019 0.0 0.0 0.0 0.0 0.0 0.0
1.4259059247084604 1.324970650387415 -13.324657587853176 -0.9297167585417823 -0.16727722373763318 -0.32809309548539917 0.3456153390077963 -0.08850269618909729 -0.9341934008596862 0.0 0.0 0.0 0.0 0.0 0.0
1.5553056762150739 0.9113238142756515 -13.72272687250528 -0.8083693399012432 0.5291144770262681 -0.2580249610189821 0.2606284303547435 -0.07131792533991876 -0.9628014202399331 0.0 0.0 0.0 0.0 0.0 0.0
1.377396885027784 0.6381701494873601 -14.16684276434218 -0.3276748352220631 0.9388799221696789 -0.10551632152824263 0.11417897381442678 -0.07152585062186989 -0.9908820387066779 0.0 0.0 0.0 0.0 0.0 0.0
1.0993386553964153 0.6181928465210925 -14.633255067699773 0.42476711695405256 0.9051649082873855 0.015791933372181672 0.06682400915257894 -0.013920752133284349 -0.9976676623309085 0.0 0.0 0.0 0.0 0.0 0.0
0.6501241577550569 0.9448227283399858 -15.037585291752936 0.9474162490960095 0.31823325220965865 0.03361618861369765 0.09934643679944599 -0.19231712447986946 -0.9762911497740047 0.0 0.0 0.0 0.0 0.0 0.0
0.8402559286217423 1.0871057368709398 -15.43616263598654 0.9374624692966774 -0.2998659621352882 0.1767612044902782 0.11472170690724486 -0.21341279906902863 -0.9702030236799979 0.0 0.0 0.0 0.0 0.0 0.0
0.9849399800422638 1.5281572845738438 -16.00783634656022 0.722161954461441 -0.5529985007691564 0.41554153784609427 0.33234933780405285 -0.24945689865307596 -0.9095686743592243 0.0 0.0 0.0 0.0 0.0 0.0
1.2768365520075136 1.3606296959380133 -16.36658032988965 0.4171029866320318 -0.8040889242075538 0.42363439486115606 0.5901614475200502 -0.11494032372311894 -0.7990608161106787 0.0 0.0 0.0 0.0 0.0 0.0
1.7408859669719026 1.4203960241058151 -16.611720278625654 -0.13297194705854365 -0.9878685135725817 0.08021384660616654 0.6474784194148228 -0.1477340847990144 -0.747627137402516 0.0 0.0 0.0 0.0 0.0 0.0
2.208961904202864 1.3106069499882602 -16.78589457619159 -0.719403723208036 -0.6617062745371269 -0.2111944347576709 0.4970580765432836 -0.2780997986287517 -0.8219451140713343 0.0 0.0 0.0 0.0 0.0 0.0
2.523461346560225 0.9210605482507631 -17.032049776942944 -0.9082027265298147 -0.11121219963299561 -0.40348439149067605 0.4097447860509232 -0.4320875197939325 -0.8033738765620967 0.0 0.0 0.0 0.0 0.0 0.0
2.7143055348033047 0.3166093904530157 -17.167741040363715 -0.7708469098536997 0.3622681698440355 -0.5239816930836948 0.42609794522134076 -0.31832033345762717 -0.8468250742541675 0.0 0.0 0.0 0.0 0.0 0.0
2.703227723644048 0.12181923573608824 -17.722103193237846 -0.3546204684061647 0.884827951347964 -0.3021983122069968 0.33338035681178263 -0.18225652009697058 -0.9250081613554505 0.0 0.0 0.0 0.0 0.0 0.0
2.6052623855365105 0.026040443766142264 -18.21705139117164 0.23312159454095366 0.9723982464898896 -0.009796549498219407 0.2866882791709118 -0.0782673711204209 -0.9548214750433296 0.0 0.0 0.0 0.0 0.0 0.0
2.332098870840359 0.019317381374202226 -18.80192035404526 0.6227384722644026 0.7317877279772693 0.27691788736675005 0.28521756620276784 0.11728244139548889 -0.9512600952787221 0.0 0.0 0.0 0.0 0.0 0.0
2.337747767535919 0.3628104431602147 -19.328435419491168 0.8646607273668747 0.28436153914483897 0.414125997257556 0.44891118520514683 -0.06740049769579996 -0.8910308191684891 0.0 0.0 0.0 0.0 0.0 0.0
3.3855895295730476 0.5987207355959676 -18.682641692355467 -0.8443219034140284 -0.29627533741478423 -0.4464767047171307 -0.5178875290846113 0.23761031957500317 0.821786981674753 0.0 0.0 0.0 0.0 0.0 0.0
3.064259998434687 0.9191555138138843 -18.358167018862016 -0.5204993417734196 -0.8109020779766591 -0.26742897215255695 -0.6062414056818084 0.1303793710612844 0.7845206037056063 0.0 0.0 0.0 0.0 0.0 0.0
2.576334673632308 1.3159485794787509 -18.210256955858178 -0.05503512008671112 -0.998467670183309 -0.0057833516023334235 -0.6730912360196534 0.032905576151684504 0.7388270508391399 0.0 0.0 0.0 0.0 0.0 0.0
2.032075457853956 1.1950501878375202 -17.934906227987792 0.4076953493067742 -0.9088286537840395 0.0884023767481275 -0.6158709843693544 -0.20219291710514134 0.7614597526359721 0.0 0.0 0.0 0.0 0.0 0.0
1.698943413946936 0.9685489551537919 -17.692592157783515 0.7965803852560321 -0.4235029757162056 0.43139879390752894 -0.479031042540634 -0.006849389925485999 0.8777712379316617 0.0 0.0 0.0 0.0 0.0 0.0
1.298489228692181 0.4579530112702513 -17.349781345386248 0.9233116508576028 0.19879826697923747 0.32859525930338723 -0.33384638680850454 -0.007880451389760505 0.9425945514911488 0.0 0.0 0.0 0.0 0.0 0.0
1.3393292146043667 0.19571422282225873 -16.867776326602492 0.6165584460452019 0.7768076760460583 0.12816207335342247 -0.29935503808532876 0.08071112539449318 0.9507219758743803 0.0 0.0 0.0 0.0 0.0 0.0
1.4939379709278742 0.1735255821895878 -16.333507652244446 0.2610188634443636 0.9649109343923242 -0.028566442136613298 -0.2526987234257905 0.0968707307264113 0.9626834457429435 0.0 0.0 0.0 0.0 0.0 0.0
1.865784221648274 0.31708220826485095 -15.854858828363467 -0.43679843989348033 0.8743429061574021 -0.21149847602015925 -0.24513582033763587 0.1105562910005427 0.9631644387681667 0.0 0.0 0.0 0.0 0.0 0.0
1.7485251819675982 0.6109488729748765 -15.356682173045312 -0.6070826986387473 0.6553445031330412 -0.4494153749337057 -0.3263049548210924 0.3101038327497156 0.8929505525913187 0.0 0.0 0.0 0.0 0.0 0.0
2.0837122101503405 1.050267881918504 -15.076333895422884 -0.9694159558584461 0.07356507831437364 -0.23413859950818763 -0.18189948530511368 0.424768618896818 0.8868394429919232 0.0 0.0 0.0 0.0 0.0 0.0
1.813434296000626 1.3996086718321987 -14.828406511700711 -0.8102235635357737 -0.5856497531424177 -0.02349773894690868 -0.31667384958321065 0.4037363405888818 0.8583208259608107 0.0 0.0 0.0 0.0 0.0 0.0
1.3946686873430236 1.8764968302418408 -14.547503682042304 -0.41894902226771435 -0.906976091879036 -0.04331380265869671 -0.3163696995474447 0.10107681640421524 0.9432357554682966 0.0 0.0 0.0 0.0 0.0 0.0
0.9435740357318192 1.8704134559969263 -14.177570492433134 0.07599188356130582 -0.9968566740388517 -0.022405469354685657 -0.349667399926953 -0.04766605045450631 0.9356605458511077 0.0 0.0 0.0 0.0 0.0 0.0
0.4352730981451044 1.4682363817797603 -14.015437896219767 0.804177993218315 -0.49944078521304486 0.32226798986114186 -0.43742199502333134 -0.13044247382064864 0.8897453339542489 0.0 0.0 0.0 0.0 0.0 0.0
0.2584544671889119 0.9855955658961058 -13.67637872028574 0.9046873743523908 0.24759864982275934 0.34675014534001836 -0.292254725366385 -0.23168967386835657 0.9278507803110334 0.0 0.0 0.0 0.0 0.0 0.0
0.29789323144570856 0.6027485467494859 -13.325094096636713 0.5602484420198921 0.7536564346665461 0.34369123017614733 -0.34081183388279285 -0.16849520137916063 0.9249090014686006 0.0 0.0 0.0 0.0 0.0 0.0
0.3601270838224934 0.5893108710965014 -12.804898450340456 0.19783124810302222 0.9724585571889848 0.12323616280913074 -0.09512880617714 -0.10612851270990585 0.9897915179598659 0.0 0.0 0.0 0.0 0.0 0.0
0.8162567504108945 0.4186538800187838 -12.356861939422402 -0.39395813340683183 0.9151319140596197 0.08561874206143119 0.03534160804073832 -0.07805345762618751 0.9963225524365549 0.0 0.0 0.0 0.0 0.0 0.0
1.0007541961052173 0.5871274377966088 -11.837111428917016 -0.7611218592999339 0.6462813432377505 -0.054899368654113705 -0.040017967666861436 0.03771735334898016 0.9984868369288411 0.0 0.0 0.0 0.0 0.0 0.0
1.0757220004695938 0.8597586572463305 -11.41508534511587 -0.9456148186889521 0.30026631683488064 -0.12511096534786723 -0.00894855328042359 0.3602568093366411 0.932810245827505 0.0 0.0 0.0 0.0 0.0 0.0
1.056993278938718 1.4173845092744777 -11.169534368396336 -0.9113872970125014 -0.40234596800162997 0.08655008305644687 0.05573796509832691 0.08776061680105775 0.9945809938790282 0.0 0.0 0.0 0.0 0.0 0.0
0.7191388823667526 1.6520566741019023 -10.671387062690773 -0.41132274593671864 -0.9110658916802421 -0.027794598251508977 0.11278264027737045 -0.08109130134117455 0.9903051433264699 0.0 0.0 0.0 0.0 0.0 0.0
0.536833763794318 1.5394165297018076 -10.307433523127493 0.3478026686018557 -0.937271041208757 0.02358599213262372 -0.13000052025278494 -0.02334207849178003 0.9912391296280071 0.0 0.0 0.0 0.0 0.0 0.0
0.1039723366560652 1.456971689185824 -9.85884792987399 0.5763526205712581 -0.8054373842385513 -0.13816033016609267 -0.17273276895303574 -0.28520531345532096 0.9427732069308447 0.0 0.0 0.0 0.0 0.0 0.0
-0.017281051890115053 1.0364678719574234 -9.59722157000861 0.9845109395145513 -0.09959963022795765 0.14428486973563637 -0.17442792809611252 -0.4710598962511679 0.8646834519313621 0.0 0.0 0.0 0.0 0.0 0.0
0.001757308053533653 0.5286011974641935 -9.241334526884247 0.8680981360705949 0.4635299347252604 0.17761088301214717 0.007339709666119521 -0.36952032286466785 0.9291936610050721 0.0 0.0 0.0 0.0 0.0 0.0
0.3076426391171636 -0.0002971648274242469 -8.983894400093918 0.39920191971478547 0.8903695153264821 0.2188148840305787 0.205246194871273 -0.31934117456094996 0.9251460499407087 0.0 0.0 0.0 0.0 0.0 0.0
0.542768255459028 -0.1048681224074509 -8.52576113328637 -0.11414700530591416 0.9772491256143121 0.17875851774322316 0.3237530309107786 -0.13345659249177858 0.9366820767456628 0.0 0.0 0.0 0.0 0.0 0.0
1.114573772474688 -0.13230449600489516 -8.252563199499098 -0.6390423666788764 0.6920625338237203 0.3356699314310899 0.28000770669715197 -0.19708670978743034 0.9395491009071143 0.0 0.0 0.0 0.0 0.0 0.0
1.2411990295061437 -0.0329615715739219 -7.761986381779761 -0.952710022257786 0.20636966012364924 0.2230586848119087 0.18909090476541243 -0.17219923405291063 0.9667430131770225 0.0 0.0 0.0 0.0 0.0 0.0
1.4578753015005652 0.3495272044227198 -7.340402143055349 -0.8873391220341973 -0.42070181859070854 0.18878363896813338 0.2863721370462534 -0.18207272638888114 0.9406596203882048 0.0 0.0 0.0 0.0 0.0 0.0
1.4091513870804784 0.5026823767138394 -6.8071712665514035 -0.6872171975890021 -0.723248960461775 -0.06814297123607231 0.04505767768951251 -0.13616717056455482 0.9896607031410671 0.0 0.0 0.0 0.0 0.0 0.0
1.2001714728880726 0.5244686830739894 -6.302080442841185 -0.489358156116445 -0.8231896643713867 -0.28790166987087185 -0.1989551927244094 -0.21605290704126157 0.9558964235977729 0.0 0.0 0.0 0.0 0.0 0.0
0.8706085642169522 0.4359921636534398 -6.069059638412772 0.2766743628863843 -0.9608310989156018 -0.015965471432132533 -0.03444056594275571 -0.026548686000631344 0.9990540599432958 0.0 0.0 0.0 0.0 0.0 0.0
0.3322816388823668 0.35160835876966423 -5.696414944822728 0.729633015949745 -0.6813265355992889 0.05856461324341001 -0.20113124275396316 -0.1320538381369191 0.9706224842963173 0.0 0.0 0.0 0.0 0.0 0.0
0.1595124762534953 0.0028566956249510803 -5.331070745017681 0.9955084077290299 -0.03902124103814086 0.08625748018957521 -0.09040609596283372 -0.12413533472117672 0.9881382274188264 0.0 0.0 0.0 0.0 0.0 0.0
0.18534647217656725 -0.4730423808405729 -4.902995861704626 0.8811742089202711 0.46912640462203253 0.05875738268625813 0.019741510764748133 -0.1606253269369345 0.9868180060675464 0.0 0.0 0.0 0.0 0.0 0.0
0.440449636064804 -0.5025020544728809 -4.389528058229631 0.5162785478581838 0.8542360090879082 -0.06113347527343849 0.19868689068734577 -0.049976480577025244 0.9787879601109368 0.0 0.0 0.0 0.0 0.0 0.0
0.9003287156609533 -0.6345243939749691 -4.005859249930628 -0.2087003349481689 0.9779794765594417 0.0005600187878752502 0.2252440030347797 0.04751587068351989 0.973143042481451 0.0 0.0 0.0 0.0 0.0 0.0
1.0262752406668234 -0.41573726226813795 -3.5563292439539786 -0.6202209430148808 0.7686095745990202 -0.15673322455830874 0.05190691229763633 0.23949700282525088 0.9695085652501721 0.0 0.0 0.0 0.0 0.0 0.0
1.4183226963222266 0.04414537485680945 -3.2899777298697233 -0.9866032877558213 0.1000793645414687 0.12883351032390578 0.15279291711070378 0.29036050846313644 0.9446401958448679 0.0 0.0 0.0 0.0 0.0 0.0
1.3989341643720605 0.44024418877670807 -2.8650451450404497 -0.9342045904080591 -0.33592525647493476 0.12006667032428196 0.023997056944735928 0.27652074811693683 0.9607082892943313 0.0 0.0 0.0 0.0 0.0 0.0
1.201895984972998 0.6463738553651088 -2.5559770486029585 -0.48780634692703345 -0.8199645548940834 0.29950475224117956 0.07124959308265158 0.30452401298830417 0.9498361021771364 0.0 0.0 0.0 0.0 0.0 0.0
0.9856480394458794 0.8715037274007984 -2.1163125146748065 -0.030842063139111222 -0.9829546946335518 0.1812424769174819 0.022102506834355114 0.18054931682269895 0.9833175597875256 0.0 0.0 0.0 0.0 0.0 0.0
0.5589162344269177 1.0022625883156524 -1.6708005151301704 0.5181664018901001 -0.8497928990997641 0.09672439501948546 0.09166140869576811 0.16760667282773842 0.9815835111591489 0.0 0.0 0.0 0.0 0.0 0.0
0.5695429287000079 0.8228653048446426 -1.1528293026532046 0.9142685016135803 -0.40177569678367175 -0.051859390964931196 0.015782373741933375 -0.09246796164992711 0.9955905748586502 0.0 0.0 0.0 0.0 0.0 0.0
0.407328598262503 0.3248671930030523 -0.7215088635830006 0.9910588261119532 0.07405427328560989 -0.11098814258170751 0.12610738314496625 -0.2477569564460819 0.9605797303966511 0.0 0.0 0.0 0.0 0.0 0.0
0.6430187054864207 0.21177115128746965 -0.3457540893793535 0.6536752145266914 0.7532606507227699 -0.07284988665875292 0.2434366221968295 -0.1182545638697055 0.9626808760422032 0.0 0.0 0.0 0.0 0.0 0.0
1.158256779760507 -0.16986822023949286 -0.035513031227987796 0.12885935987617914 0.9915270860515853 -0.016410453935027186 0.42699532113366906 -0.040514531862761875 0.9033457635024897 0.0 0.0 0.0 0.0 0.0 0.0
1.652181409955389 -0.07802594505752525 0.2695651854895515 -0.6948170494132819 0.7151486087115503 0.07610345131828702 0.1924416980625186 0.08298277646678717 0.97779346063301 0.0 0.0 0.0 0.0 0.0 0.0
1.649933474211474 0.25147922047428967 0.6471041715582689 -0.9937188262213931 -0.019386133170503993 0.11021375709897674 0.09893523790075792 0.30729441852543404 0.9464575843875075 0.0 0.0 0.0 0.0 0.0 0.0
1.5824063747358528 0.6586860178445642 1.063974818032402 -0.7310814970743739 -0.6788354744546669 0.06857290468836562 0.02399022505320076 0.07486620465144174 0.9969049706481482 0.0 0.0 0.0 0.0 0.0 0.0
1.3553357595679734 0.8627318619394224 1.5284984738201455 -0.22383747455017294 -0.960106768876878 -0.1676060182207131 -0.24908486018224724 -0.10995024273930802 0.9622201809095243 0.0 0.0 0.0 0.0 0.0 0.0
0.9989903733270722 0.8421421303905453 1.9421969163340378 0.3872644179836549 -0.9019420596783364 -0.1911198355665399 -0.206977053272327 -0.2869763298510107 0.9353101547208542 0.0 0.0 0.0 0.0 0.0 0.0
0.580704097205917 0.5383269253345856 2.187496331298427 0.8451166618145788 -0.533299632052986 0.03700446426490119 -0.2836011494826911 -0.3887498457154045 0.8766093459850548 0.0 0.0 0.0 0.0 0.0 0.0
0.35550207403928935 0.17002034906472566 2.347781169288565 0.9379123349068782 0.003947593527444307 0.34684992220680994 -0.31584818644913043 -0.4031357701505495 0.8589071393008203 0.0 0.0 0.0 0.0 0.0 0.0
0.266786199634286 -0.3881690822287206 2.736180779383409 0.8246929052595581 0.5281992820872288 0.20220566366223683 -0.11555062071285441 -0.1926204114984171 0.9744462176677862 0.0 0.0 0.0 0.0 0.0 0.0
0.358718302418408 -0.5698043848321201 3.1142873914064326 0.22877032454178806 0.9419314234900583 0.24582378251714676 -0.15023196828656352 -0.21531395048326565 0.9649198196907527 0.0 0.0 0.0 0.0 0.0 0.0
0.6367435137356187 -0.7958074078422164 3.8004336405259447 0.16859474358343968 0.9738957422485863 -0.1519963672793181 -0.02597620602586422 0.15860480622916218 0.987000381034127 0.0 0.0 0.0 0.0 0.0 0.0
0.9811575487203567 -0.6442276649448226 4.176288447992487 -0.5540656186277398 0.8202782912815396 -0.14196765514333726 0.017113554342468997 0.18178101327891216 0.9831901085085526 0.0 0.0 0.0 0.0 0.0 0.0
0.9444008276590751 -0.40094872622681377 4.601538653439773 -0.9279357905981944 0.30151110146123145 -0.21914886315593562 -0.17543474195813813 0.16537289736920416 0.9705021669887173 0.0 0.0 0.0 0.0 0.0 0.0
1.0376671149152954 0.039958163461333206 4.997413676563712 -0.9305820024790655 -0.3209611681905124 -0.1760711934867088 -0.224372472317011 0.11983695218028691 0.96710707709048 0.0 0.0 0.0 0.0 0.0 0.0
0.700050872661814 0.09456836503091492 5.418537215308755 -0.7214206777655001 -0.6814015705163194 -0.12346702146832485 -0.3335022959898737 0.18562209201945032 0.9242946811076029 0.0 0.0 0.0 0.0 0.0 0.0
0.33727792126477263 0.3299561712452062 5.830500117398448 -0.0653244786656636 -0.9978134653326638 -0.010049919794717007 -0.22021294261296467 0.004610618687194293 0.9754409270176541 0.0 0.0 0.0 0.0 0.0 0.0
-0.2336045726696407 0.3499794552711904 6.301838753228458 0.4079748049450562 -0.9032528603310299 -0.1330068751375517 -0.2789992609479384 -0.2620935803277011 0.9238324347745704 0.0 0.0 0.0 0.0 0.0 0.0
-0.6188001166869446 -0.08372288273673573 6.41230335759568 0.8029205533155745 -0.4951965831146287 0.3318115868004132 -0.37391681918779407 0.015141952012389591 0.9273386294217109 0.0 0.0 0.0 0.0 0.0 0.0
-0.733116635360413 -0.30036026649448216 6.851241488612351 0.9245605784705039 0.09305465504323496 0.36949772382664486 -0.35773811143954554 -0.12128975736920007 0.9259115715774309 0.0 0.0 0.0 0.0 0.0 0.0
-0.7802557818736792 -0.7216152559286215 7.2666889234562095 0.6981214222365882 0.6369813704450783 0.32692692382285254 -0.23718031895454075 -0.2250518501140695 0.945038179684216 0.0 0.0 0.0 0.0 0.0 0.0
-0.5369218126320733 -1.2743308288330595 7.7228222587461826 0.30619137980109246 0.9476641852309087 0.09044020657949169 -0.24890571777480835 -0.01204059337291998 0.9684528732830707 0.0 0.0 0.0 0.0 0.0 0.0
-0.07023984859157435 -1.1968096081737782 8.184550363935195 -0.36517203043129925 0.9306659364519568 0.022589885318090714 -0.07349315149515864 -0.05299771481836682 0.9958865391736855 0.0 0.0 0.0 0.0 0.0 0.0
0.12074608493955759 -1.0338819042740153 8.634314499775872 -0.7735876881181951 0.6257398481110498 -0.10005863919675523 0.010837343070259903 0.17086741158944801 0.9852344287792119 0.0 0.0 0.0 0.0 0.0 0.0
0.04220865617907177 -0.7821750019566408 9.060471941770365 -0.9850300600121545 0.118619943462932 -0.12508033372717697 -0.1059637161509126 0.15556487927689636 0.9821258876514016 0.0 0.0 0.0 0.0 0.0 0.0
0.028812425736586364 -0.16307000505169092 9.455367243697838 -0.8776749822196945 -0.47832446382617677 -0.029871941534813994 -0.17929165657286622 0.2699282595624237 0.9460408218322073 0.0 0.0 0.0 0.0 0.0 0.0
-0.3661124036799077 0.09063160366283167 9.85080435726127 -0.348924225303963 -0.9356919300286043 -0.05227329218037183 -0.35950159993973396 0.08210739001079698 0.9295251347577355 0.0 0.0 0.0 0.0 0.0 0.0
-0.7943140017218441 0.08204195037958831 10.186307427408622 0.20355153549397823 -0.9786269590063232 0.029258289493404508 -0.3601839527307177 -0.047009853475397226 0.9316960844993919 0.0 0.0 0.0 0.0 0.0 0.0
-1.441110002347969 0.05429678328246065 10.401708147452455 0.6275172724832843 -0.7635042200576944 0.15258892059789697 -0.445797653147862 -0.19164235262655 0.874378442739538 0.0 0.0 0.0 0.0 0.0 0.0
-1.7771924160601082 -0.3813798720356891 10.563461199812163 0.8672553158819513 -0.14009652446275447 0.4777459376153331 -0.4957578618818323 -0.15724992474100213 0.8541057332387502 0.0 0.0 0.0 0.0 0.0 0.0
-1.7772986972329539 -0.7773307149921378 11.000298832419046 0.8134357058810232 0.41166530444518173 0.4109185193124027 -0.32121832226744396 -0.2709309093315463 0.9074223007004346 0.0 0.0 0.0 0.0 0.0 0.0
-1.709669719026375 -0.9152774516709713 11.53689441966033 0.5251641628481981 0.8262319678564928 0.20382182746688032 -0.11153189401435123 -0.17059929045389055 0.979007925766794 0.0 0.0 0.0 0.0 0.0 0.0
-1.2778607867830691 -1.2407450888314941 12.011416109913412 -0.1673031796176978 0.979918623475086 0.1084856555333514 -0.1341087736183274 -0.13158587323869783 0.9821914247246294 0.0 0.0 0.0 0.0 0.0 0.0
-0.9436451863077833 -1.050068660305805 12.47176389392872 -0.7847906203578117 0.6179012734025586 -0.04797602032158934 -0.06936243190234848 -0.010592769926520484 0.9975352857247085 0.0 0.0 0.0 0.0 0.0 0.0
-1.076880331846286 -0.7995930187054864 12.965946622837908 -0.9588726576188215 0.07984624488030985 -0.27237438141193077 -0.28321190793273515 -0.204637573100283 0.9369709061015321 0.0 0.0 0.0 0.0 0.0 0.0
-1.238586669405964 -0.6668158605306411 13.485996566095325 -0.7557450598317736 -0.32562707210706515 -0.5681693536709358 -0.4959414288506708 -0.28213032450791065 0.8212457483254425 0.0 0.0 0.0 0.0 0.0 0.0
-1.6403733270720826 -0.5034515144400092 13.795186663536043 -0.2682753746514459 -0.8615318218739737 -0.4310350835536917 -0.6319957711620782 -0.18035013072737396 0.7536943515642593 0.0 0.0 0.0 0.0 0.0 0.0
-2.129549189950693 -0.476920198403381 14.011108828363465 0.2675953874397266 -0.9290549010703968 -0.25544020712890453 -0.5695219007296087 -0.3663727270457281 0.7358096421401462 0.0 0.0 0.0 0.0 0.0 0.0
-2.7195920225974235 -0.6752687713007037 13.99481668054103 0.731048143057408 -0.6591754323635607 0.17622815297400263 -0.46410341535091876 -0.29109936121429286 0.8365818440297657 0.0 0.0 0.0 0.0 0.0 0.0
-2.969963784356835 -1.1535322703437283 14.195806385052686 0.8816183349350156 -0.21998440977620173 0.4175595418162863 -0.4715569315451808 -0.449076662348893 0.7589230604252793 0.0 0.0 0.0 0.0 0.0 0.0
-3.0212271073021832 -1.6341790913359944 14.491939862643815 0.7224096195084857 0.4248828048440163 0.5455262998146712 -0.2936719014439888 -0.5255366788247131 0.7984785617110597 0.0 0.0 0.0 0.0 0.0 0.0
-2.871837579243953 -2.171563160366283 14.813321789152381 0.1378443038286474 0.8735113326516348 0.46687996276469246 -0.43945920338216926 -0.3684483221312455 0.8192200208011149 0.0 0.0 0.0 0.0 0.0 0.0
-2.9096692298661666 -2.210165238318854 15.368429355482508 -0.2409556504798992 0.9629153893801367 0.1213850377794088 -0.45869977199461454 -0.22319889462322354 0.8601027686335279 0.0 0.0 0.0 0.0 0.0 0.0
-2.660006972756444 -2.194152134161525 15.978149658121483 -0.6911010552399214 0.6856872436240498 -0.22850018682163062 -0.41268785764658106 -0.11483107837066048 0.9036053096298773 0.0 0.0 0.0 0.0 0.0 0.0
-2.8931282773734055 -2.0180832746341073 16.360632386319168 -0.8858285306967947 0.18893608321323224 -0.4238053452513319 -0.43107909794794397 0.0024779941866618343 0.9023107396330811 0.0 0.0 0.0 0.0 0.0 0.0
-2.99984346873288 -1.7672458323550129 16.74244345307975 -0.8661880528634214 -0.3811442768348678 -0.32318307089434656 -0.36965593285302956 0.053697015100960185 0.9276158266630662 0.0 0.0 0.0 0.0 0.0 0.0
-3.1763508159192297 -1.2240842920873443 17.089960231274947 -0.7311082270365794 -0.6262644343357486 -0.2706910021510772 -0.4801148393207327 0.19029511399371374 0.8563162445347784 0.0 0.0 0.0 0.0 0.0 0.0
-3.654314926679331 -1.0042548044426416 17.20518758849353 -0.14525026776305863 -0.984453292949365 0.09876271419878827 -0.3658729858078869 0.14616473675423156 0.9191152419504248 0.0 0.0 0.0 0.0 0.0 0.0
-3.9785747828128666 -1.0394568854191122 17.520309931908898 0.2911440566552923 -0.904995450874299 0.3101908641000317 -0.640751441102628 0.05624894550062749 0.7656850833436503 0.0 0.0 0.0 0.0 0.0 0.0
-4.476923867104954 -1.1600030817093216 17.76118953979807 0.6987762774841602 -0.5882712780066591 0.40699953009529605 -0.5442458167231533 -0.06797313494129947 0.8361675333960292 0.0 0.0 0.0 0.0 0.0 0.0
-4.843401473350551 -1.5555404731157552 18.21212799366048 0.9649968378624447 -0.07816231878298176 0.2503432740018196 -0.25558695963547207 -0.06721358542861139 0.9644468051676703 0.0 0.0 0.0 0.0 0.0 0.0
-4.846340576691484 -1.7843996394731458 18.567640442630022 0.7142216076350724 0.6744492671314718 0.18709805250988978 -0.2604212373000908 0.008097131900330398 0.965461141433501 0.0 0.0 0.0 0.0 0.0 0.0
