t = 0
b = 75.792152 75.792152 75.792152
E = 0.000000 0.000000 0.000000
-3.9350445735406607 -0.8956517128812608 18.74515068659158 -0.7007178056720227 -0.6395126899614272 -0.31625634569520517 0.5445599033916156 -0.19295540862099705 -0.8162246761168265 0.0 0.0 0.0 0.0 0.0 0.0
-3.6195849964780464 -1.2904070791265556 18.487372329185256 -0.9236729577512538 -0.2835233371887686 -0.2577649789796787 0.32419671542870265 -0.2195606524086766 -0.9201573830704816 0.0 0.0 0.0 0.0 0.0 0.0
-3.359675833528997 -1.8425283223761448 18.20954522775299 -0.9327945712210116 0.2139402865807839 -0.29004110342905 0.19259577551462895 -0.3842164657071995 -0.9029311018751027 0.0 0.0 0.0 0.0 0.0 0.0
-3.652221765672693 -2.298327805822962 17.846967451279646 -0.30547239885210575 0.8533832094915987 -0.42240230976801957 0.14857964234860555 -0.3954613839272532 -0.9063853395228224 0.0 0.0 0.0 0.0 0.0 0.0
-3.774614541754715 -2.3173006182985048 17.322540502465365 0.4072374815163705 0.9027785509155342 -0.13837818345047 -0.02056611993990564 -0.1423959439083539 -0.9895960943077061 0.0 0.0 0.0 0.0 0.0 0.0
-3.9724774007983097 -2.2195717891523836 16.74343302418408 0.7558474109765685 0.6248532125307966 0.19558413562955887 0.32883550846479753 -0.10395397391295191 -0.9386483791497238 0.0 0.0 0.0 0.0 0.0 0.0
-4.106195792154937 -2.0155464008481143 16.199314108447705 0.8874432986901402 0.26494467511914777 0.3771587341371959 0.3725023078071658 0.06995457554751408 -0.9253909379490932 0.0 0.0 0.0 0.0 0.0 0.0
-3.9497356756102935 -1.6397646338947107 15.846620703394592 0.8997418257588411 -0.29369036976938345 0.3228166874324652 0.4182277480971774 0.36940598659346524 -0.8298341809003004 0.0 0.0 0.0 0.0 0.0 0.0
-3.581674101901854 -1.4089848947327228 15.56419738592784 0.6724912917531236 -0.7091041082777136 0.21195949174284184 0.6070583840695319 0.36469289360920104 -0.706030602510852 0.0 0.0 0.0 0.0 0.0 0.0
-3.084152676684667 -0.9263288037097909 15.53547267551068 0.30046597736842884 -0.9515688494933107 -0.06509163631382897 0.6899839747500549 0.2639754452855597 -0.6739726098844122 0.0 0.0 0.0 0.0 0.0 0.0
-2.639256574313219 -0.9891259685372151 15.293840983799015 -0.2946684582598311 -0.8390067432225726 -0.45742560546369315 0.6796708173124161 0.15240219456768697 -0.717510384025782 0.0 0.0 0.0 0.0 0.0 0.0
-1.9752032460671518 -1.1749346971119983 15.133030787743596 -0.7477389774867237 -0.419845457301724 -0.5144086056144621 0.5383629166366025 0.07004703183018413 -0.8397968702741824 0.0 0.0 0.0 0.0 0.0 0.0
-1.827940831181028 -1.2458401815762699 14.661591140330277 -0.8844298330326231 0.21235650344582754 -0.41555816185721667 0.4611515449153787 0.2604643710830156 -0.8482320225141755 0.0 0.0 0.0 0.0 0.0 0.0
-1.6377749080378803 -1.3608123972763555 14.172931830633168 -0.7206640026804346 0.6809960712751112 -0.12995286125544894 0.2277820620868497 0.055504422636455046 -0.9721288964223089 0.0 0.0 0.0 0.0 0.0 0.0
-1.8596648274242773 -1.7181813512561632 13.663635096266727 -0.2700730591980936 0.9596173270539986 0.07870913741823092 0.27143987351073956 0.15428180682014198 -0.9500092205619829 0.0 0.0 0.0 0.0 0.0 0.0
-2.051555707343451 -1.4840089080521106 13.11746248585882 0.28843020035124545 0.8490489004514349 0.4426330129662156 0.24601767960808765 0.3810924743191797 -0.891203583552904 0.0 0.0 0.0 0.0 0.0 0.0
-2.308284661892462 -1.023842891523832 12.715451837285746 0.7222460284267173 0.41980200567298176 0.5496607594278266 0.40662124460061133 0.38511295143164526 -0.8284607281453098 0.0 0.0 0.0 0.0 0.0 0.0
-2.2011320056635855 -0.5335190363365991 12.543263107714857 0.9254315417188669 -0.11668241145335725 0.36050197842629206 0.3753203344626619 0.41255987616963224 -0.8300174667521963 0.0 0.0 0.0 0.0 0.0 0.0
-1.9613954762463799 -0.2957971354778116 12.269206386475696 0.7105399622224055 -0.7015662319594297 0.05420133078837107 0.4116318664299515 0.3520559613273308 -0.8406044293443162 0.0 0.0 0.0 0.0 0.0 0.0
-1.61488612350317 -0.03388510604993346 12.045597558112231 0.1884403871841543 -0.963020112028736 -0.19256812899866588 0.34019469426004956 0.2479580575516408 -0.9070746230010673 0.0 0.0 0.0 0.0 0.0 0.0
-0.9757340960675078 0.03566066867311292 11.824101546102016 -0.4451987766284655 -0.8392295730571822 -0.31223672589043305 0.44956196677816607 0.09198167643543488 -0.8885006523501678 0.0 0.0 0.0 0.0 0.0 0.0
-0.7885693042185178 -0.024790639430226205 11.413892149956954 -0.7877914754943778 -0.47052146896270125 -0.39748476497039853 0.44029235772761344 0.021105080472938225 -0.8976063810517894 0.0 0.0 0.0 0.0 0.0 0.0
-0.5521652676684667 -0.3008335289974173 11.012671695233625 -0.9367916004126662 -0.03792164332485906 -0.3478267476256213 0.34700025667440804 -0.22783581777049786 -0.9097701149239534 0.0 0.0 0.0 0.0 0.0 0.0
-0.5016032225874617 -0.7358644928386945 10.697977811692883 -0.5906573558339724 0.6924260218729337 -0.41433089702850273 0.34449610662520713 -0.24785717206091662 -0.9054773629296532 0.0 0.0 0.0 0.0 0.0 0.0
-0.6242111179890001 -1.1815371370431245 10.174016521163734 -0.24552084567333254 0.9613588094083569 -0.12453414757727244 0.1265583739997859 -0.09556179934548333 -0.9873453906695387 0.0 0.0 0.0 0.0 0.0 0.0
-0.6868318071534788 -1.1108789230648821 9.68779056116459 0.22068203796420946 0.9751275417361611 -0.020632873468194972 0.0727777294957795 -0.03746930123804437 -0.9966440957303524 0.0 0.0 0.0 0.0 0.0 0.0
-0.9248767316271427 -0.9962197698990374 9.293038271894808 0.8763122873549165 0.48149618410265044 0.015433720399861055 -0.036105724956800096 0.09761554569837048 -0.9945690432862634 0.0 0.0 0.0 0.0 0.0 0.0
-1.1752367535415198 -0.5410040769280028 8.86757810554476 0.9925196825805357 -0.10996879101578912 0.05302400110099552 0.06854007827578201 0.14253552011115633 -0.9874137345492981 0.0 0.0 0.0 0.0 0.0 0.0
-0.9876849025592863 -0.33040619863817794 8.443523518822884 0.8041542178404527 -0.5925724675985664 0.04683870806881637 0.23097960136183224 0.23887438957715648 -0.9431794366709179 0.0 0.0 0.0 0.0 0.0 0.0
-0.675037176175941 -0.04301479220474289 8.107521327385145 0.27687735695456706 -0.9562407227549496 -0.0945653707809832 0.35702406742165527 0.1937413253108151 -0.913782312232244 0.0 0.0 0.0 0.0 0.0 0.0
-0.3288624090162009 0.10375821789152381 7.757561193942238 -0.22913091674224137 -0.9707676448833997 -0.0714786866163455 0.421827049404709 -0.03288286386682981 -0.9060798296256422 0.0 0.0 0.0 0.0 0.0 0.0
0.30991723409251 -0.05480673280112698 7.519722939657197 -0.7737614296513451 -0.6127787599818392 -0.16060959279889248 0.2832435891481361 -0.10784765774575442 -0.9529648219767802 0.0 0.0 0.0 0.0 0.0 0.0
0.5342620039915473 -0.42287288682789387 7.136714164123035 -0.9764477788480488 -0.0637908577585544 -0.20610788837193977 0.21208453920320253 -0.10860197985286948 -0.9711981045095806 0.0 0.0 0.0 0.0 0.0 0.0
0.5483720748219456 -0.5277334272520936 6.656445174923691 -0.9035013703311592 0.40777813138506047 -0.1319176613415577 0.13519206893207458 -0.020835457993937004 -0.9906003170744738 0.0 0.0 0.0 0.0 0.0 0.0
0.4547649096031932 -0.7647811986381777 6.139484033810752 -0.46763738824385337 0.8821052946268417 0.05661733222044409 0.2918545409719778 0.21461623387067408 -0.9320733871714202 0.0 0.0 0.0 0.0 0.0 0.0
0.07012956519883026 -0.9358079503653582 5.666328701430837 0.10921522626582539 0.9909648222547026 0.07785085359461429 0.06950732657697162 0.07049915110393312 -0.9950872329829917 0.0 0.0 0.0 0.0 0.0 0.0
-0.190167701907547 -0.7329434281770512 5.165670558603172 0.5807490331244093 0.8087537178333816 0.09299453970931144 -0.00843603640264819 0.12017915545163461 -0.9927163763556764 0.0 0.0 0.0 0.0 0.0 0.0
-0.13870626907724817 -0.46189637630116614 4.773565782265008 0.9530122128960904 0.3002051275042665 0.04055371118706879 0.02015881814402269 0.0707550490538568 -0.9972900004935488 0.0 0.0 0.0 0.0 0.0 0.0
-0.22934154144165295 0.03724098966893637 4.25950193707443 0.9528764011841531 -0.14454476627866872 0.26670840745612423 0.29090234425136785 0.18518673116409903 -0.9386595233149314 0.0 0.0 0.0 0.0 0.0 0.0
0.1290135595210143 0.2768402207090866 3.9668092568678084 0.5930315564000226 -0.8051006568685531 -0.011247462984644907 0.33062265916409983 0.25621268303675293 -0.9083191720416166 0.0 0.0 0.0 0.0 0.0 0.0
0.4204185254754636 0.43539049659544493 3.564073872974877 0.23719774164675497 -0.969298498955867 0.06478928367857092 0.47757576047277644 0.05821999840583361 -0.8766594691181256 0.0 0.0 0.0 0.0 0.0 0.0
1.046673221413477 0.5712131662362058 3.397213988025358 -0.36071349950329434 -0.9189428190551866 -0.15946744678144611 0.4190986252007435 -0.006989823010111336 -0.9079138090860465 0.0 0.0 0.0 0.0 0.0 0.0
1.248387727948658 0.3864717852391015 2.9475189794161376 -0.7711249849514432 -0.5643909885204303 -0.29466772755184434 0.3630089840826891 -0.00953177518736854 -0.9317368849289114 0.0 0.0 0.0 0.0 0.0 0.0
1.6471180459205816 0.1073235287839655 2.608515300931361 -0.9714062575149027 -0.034726420122577775 -0.23487008878603705 0.23728199359608815 -0.10543205606639532 -0.965702509610842 0.0 0.0 0.0 0.0 0.0 0.0
1.6260162303357595 -0.18924630194881428 2.0342950223057055 -0.9457545658327464 0.3194183895651335 0.059331219557075286 -0.05877469279281402 0.01162065577682098 -0.9982036344586345 0.0 0.0 0.0 0.0 0.0 0.0
1.3330522885582754 -0.3969028154282909 1.680103452937451 -0.3717883632308558 0.92732346147887 0.042948931965392435 -0.1335449312671258 -0.007657040689333507 -0.9910131790550217 0.0 0.0 0.0 0.0 0.0 0.0
0.9561736910072787 -0.38045902794083125 1.2611822023949282 0.16524601078192852 0.9754363841867799 0.1456626799330543 -0.16463194859017105 0.1729556212466443 -0.9710729501858192 0.0 0.0 0.0 0.0 0.0 0.0
0.6092062397276354 -0.15039842099084288 1.0467649389528062 0.6786632964784703 0.7284580478276739 -0.093621592424345 -0.1879459683623029 0.04903567993329057 -0.9809545428152296 0.0 0.0 0.0 0.0 0.0 0.0
0.3989092616704732 0.2853671725472618 0.7076173806626964 0.9743189417524065 0.1874695702413599 -0.12473074992154232 -0.13554983076842808 0.04657163286063481 -0.9896753641428813 0.0 0.0 0.0 0.0 0.0 0.0
0.49534808640525935 0.446304883775534 0.26646146395867565 0.7914861940635459 -0.6088076248629981 -0.05387838634812597 -0.04154059956737941 0.03430277488086304 -0.9985477946613549 0.0 0.0 0.0 0.0 0.0 0.0
-0.46744027353838913 1.3722741547311579 0.02102166001408781 -0.3912772895117333 0.35298438223577067 -0.8498847619589274 -0.6231132261485677 0.5780474938086034 0.5268690561233563 0.0 0.0 0.0 0.0 0.0 0.0
-0.47865916294904903 1.8287229983564217 0.1929296783282461 -0.6880863296303813 -0.1469804659811733 -0.7105870429410794 -0.6817696056925345 0.46638917570012506 0.5636234040062602 0.0 0.0 0.0 0.0 0.0 0.0
0.5368484386006103 1.6256603662831648 1.1259098379901384 0.507510667627316 0.447814203684024 0.7361354231548156 -0.8028906849545816 0.5557476733278889 0.21566425666716552 0.0 0.0 0.0 0.0 0.0 0.0
0.8339068736792676 0.9247916177506457 0.19893534280347494 0.5739141401566955 -0.8128787062605112 0.09925103846529011 0.40222342623327967 0.17424309410563202 -0.8988079102598381 0.0 0.0 0.0 0.0 0.0 0.0
1.1892426332472412 1.1028006867809346 -0.17710656844329656 -0.03736996146418258 -0.9948391682989128 0.09433194156007198 0.2246732018839878 -0.1004921511668078 -0.9692385051725217 0.0 0.0 0.0 0.0 0.0 0.0
1.6582495535301354 0.9824186926793173 -0.4971361893174525 -0.7486610331881935 -0.6625930191483536 -0.021843725905989677 0.045757409443375086 -0.018848906991942024 -0.9987747384601997 0.0 0.0 0.0 0.0 0.0 0.0
1.6901928269546838 0.6815016729279172 -0.9440816506222117 -0.977212447849979 -0.18978169707595216 0.09507228419483645 -0.05462375981406934 -0.20844389029707666 -0.9765077518696895 0.0 0.0 0.0 0.0 0.0 0.0
1.653365066490213 0.22344482628586884 -1.3663792183397725 -0.9148365004811015 0.3565995338610008 0.18950184652822827 -0.26275213102895717 -0.16940142607749448 -0.9498760311128253 0.0 0.0 0.0 0.0 0.0 0.0
1.3383032010644125 0.04681458871409565 -1.6817797605071616 -0.6628279110771935 0.7484409393966683 0.022255797718270333 -0.3619743708068886 -0.29417752777307815 -0.8845530719138773 0.0 0.0 0.0 0.0 0.0 0.0
0.8313020955623386 -0.3668664886123503 -1.8627171871331303 0.04401671568612959 0.9694868141377233 -0.241159378737991 -0.4184909818037854 -0.20120158087561363 -0.8856541209761617 0.0 0.0 0.0 0.0 0.0 0.0
0.35824503991547313 -0.297245538858887 -2.276759509274478 0.5801647152782149 0.7805174175961581 -0.23281207867112957 -0.3142458048732378 -0.04926814835785082 -0.9480623522094734 0.0 0.0 0.0 0.0 0.0 0.0
0.2543828754793769 -0.14751115285278232 -2.7981764107380447 0.9326834390305555 0.3214231362908842 -0.16367275281813914 -0.19998265943055135 0.08323603537552446 -0.9762574959210548 0.0 0.0 0.0 0.0 0.0 0.0
0.11503874148861234 0.06075369805118573 -3.325917664553495 0.984826567905959 -0.16709924088216654 0.04684522220219756 0.034791049778669966 -0.07435331120387953 -0.9966248882946468 0.0 0.0 0.0 0.0 0.0 0.0
0.24466570791265552 0.5989155318149801 -3.7966622153087575 0.6167404274945455 -0.7831446807689358 0.07947108956826301 0.17575686865668205 0.03856957096240251 -0.9836777476977783 0.0 0.0 0.0 0.0 0.0 0.0
0.47455584252954514 0.5313062534241215 -4.258296157157392 0.19943163076547885 -0.9727452809344098 0.11829472967997323 0.3864612241141404 -0.03285378865028523 -0.9217203213706002 0.0 0.0 0.0 0.0 0.0 0.0
1.1414357830476636 0.6320585818267199 -4.54428122798779 -0.3543845182997722 -0.9344560193062412 0.034692379159872416 0.28364634556905594 -0.1427874544495082 -0.9482386268746646 0.0 0.0 0.0 0.0 0.0 0.0
1.3230291735149091 0.31752612115520074 -4.917223086405257 -0.8874596290827107 -0.4496268576706105 -0.10124769434229242 0.20724081462566418 -0.1932439053946873 -0.9590140967582803 0.0 0.0 0.0 0.0 0.0 0.0
1.4424473663614303 0.010722391797761565 -5.302167958049622 -0.9871010031645723 0.13619517567749684 -0.08415749327107408 0.06073350813804957 -0.16759692174966062 -0.983983085631701 0.0 0.0 0.0 0.0 0.0 0.0
1.443289211082414 -0.33991620685606944 -5.6684594388354075 -0.7306582052717924 0.6666258451772186 -0.14747396248410222 0.027385574604064527 -0.1871860147938574 -0.9819426796759569 0.0 0.0 0.0 0.0 0.0 0.0
1.1071150798309461 -0.8415451103545433 -6.141388089927212 -0.3829636808638353 0.9237389905687841 -0.006715388461322884 -0.12045235139115898 -0.057217670221487514 -0.991068801475844 0.0 0.0 0.0 0.0 0.0 0.0
0.9037293574391485 -0.665747045472333 -6.618192846521095 0.20224765973775213 0.9730140293683163 0.11108367469180884 -0.23898790078144802 0.15910052573859373 -0.9578996847216205 0.0 0.0 0.0 0.0 0.0 0.0
0.5401854895515379 -0.495151444000939 -6.973589261955076 0.7529772809822938 0.6566119807231203 -0.043427193040447676 -0.33911276370529847 0.33056919846011673 -0.8807533925688793 0.0 0.0 0.0 0.0 0.0 0.0
0.2659270564295217 -0.15240666823197935 -7.303928934804728 0.963630287777431 0.23956171958712666 -0.11843500743633421 -0.22607500517104634 0.4945599616068434 -0.8392261533176554 0.0 0.0 0.0 0.0 0.0 0.0
0.04955637615886504 0.47465972237045245 -7.478669057326018 0.9584997703074004 -0.1896836319891545 -0.21283399652326127 -0.057386132513425246 0.6028810810524639 -0.7957645593416209 0.0 0.0 0.0 0.0 0.0 0.0
0.2748728183454645 0.7576269859904518 -7.895288408859669 0.6076046162821438 -0.6975336894748629 -0.37982019735687333 -0.0036585575817753143 0.4757142805841175 -0.8795922567899039 0.0 0.0 0.0 0.0 0.0 0.0
0.5273324937565369 1.1860267383864471 -8.322550463546001 0.13386203057697063 -0.9426351358202575 -0.3058103292678893 -0.010367610104247194 0.30718176626606 -0.9515943858253841 0.0 0.0 0.0 0.0 0.0 0.0
0.7267257572200048 1.2111557877436014 -8.790381398215542 -0.39960096952055124 -0.9015055917009263 -0.16615274084467715 0.1357271563051127 0.12100029919271864 -0.98332958189846 0.0 0.0 0.0 0.0 0.0 0.0
1.2331643284808638 1.028689246301949 -9.20555368044142 -0.8702669858433605 -0.49025972964551967 -0.04775741658647383 0.06593186594894847 -0.02006653584991623 -0.9976223349501924 0.0 0.0 0.0 0.0 0.0 0.0
1.2124413897130497 0.6705159128263141 -9.534379958305761 -0.9186123999182108 0.36733291129073414 -0.14566327951539043 0.09196092675931515 -0.15996986624542028 -0.9828289931839568 0.0 0.0 0.0 0.0 0.0 0.0
1.0154926821632622 0.7158879236127416 -10.123252719730765 -0.8175695148831276 0.559880791579315 0.13458672874502506 -0.205006884553333 -0.0645972833688048 -0.9766265244540038 0.0 0.0 0.0 0.0 0.0 0.0
0.6135353075839397 0.21655244775768956 -10.463441388823666 -0.261904323957431 0.9577042729326574 0.11920004487805812 -0.1888455832782511 0.07026653910642393 -0.9794896421904126 0.0 0.0 0.0 0.0 0.0 0.0
0.4304450868748532 0.42664798074665405 -10.918984063160368 0.1810569291434963 0.9656974286882074 0.1861366826665597 -0.30652522703079044 0.23527170670702818 -0.9223283088016352 0.0 0.0 0.0 0.0 0.0 0.0
0.003646689363700401 0.6440882542850436 -11.170114023244894 0.8580647430886075 0.5075824843894131 -0.07800588573532918 -0.19261385238789658 0.17724674559806491 -0.9651339259621892 0.0 0.0 0.0 0.0 0.0 0.0
-0.1923221413477342 0.9922634421225639 -11.570783438991937 0.9832134853716438 -0.17514443543032066 -0.05114361075577936 -0.022128512167951156 0.16404244141338648 -0.9862050528994305 0.0 0.0 0.0 0.0 0.0 0.0
-0.08001095718869843 1.2859356656492136 -12.04707677858652 0.79907907681071 -0.5944631407001507 0.08992331929069396 0.21696826889751059 0.1456403233680941 -0.9652531618704259 0.0 0.0 0.0 0.0 0.0 0.0
0.20411921812632078 1.5699988260154965 -12.363403234327302 0.43924678213699203 -0.8930081213045332 -0.09797325995620494 0.29490336590513533 0.24631241480455454 -0.9232346392391106 0.0 0.0 0.0 0.0 0.0 0.0
0.735457266964076 1.8208646395867571 -12.717704420051655 -0.19675019987986073 -0.9746128384570167 -0.1068605351006246 0.45279836349707936 0.006259203679264393 -0.8915909737001986 0.0 0.0 0.0 0.0 0.0 0.0
1.0704586366126634 1.6309227518196756 -12.973906237770999 -0.6798859814943589 -0.6088290143073 -0.40875699811141314 0.4982541575470333 0.02552919205992434 -0.8666550956637038 0.0 0.0 0.0 0.0 0.0 0.0
1.4268607654378962 1.328500430460985 -13.312589027158175 -0.9297410950102187 -0.16724931491015713 -0.3280383558538279 0.3455870922540831 -0.0885827518836582 -0.934196262964098 0.0 0.0 0.0 0.0 0.0 0.0
1.5562595386240898 0.9148714486968771 -13.710656844329648 -0.8084469484687448 0.5289838057881912 -0.2580497330465887 0.2606269492200098 -0.07133511323137177 -0.9628005478605305 0.0 0.0 0.0 0.0 0.0 0.0
1.37835172575722 0.6417038428426078 -14.1547702903655 -0.3276686256475239 0.9388621300042961 -0.10569376807579174 0.11425969130367555 -0.07175240060894565 -0.9908563548517223 0.0 0.0 0.0 0.0 0.0 0.0
1.1002817562808167 0.6217187133129842 -14.621178680441417 0.42491417559840017 0.9050959044418632 0.015790729498588105 0.06680812822631316 -0.013922027235807627 -0.9976687081193547 0.0 0.0 0.0 0.0 0.0 0.0
0.6510669028865789 0.9483660270229889 -15.025514596540656 0.947410284708287 0.3182312487961603 0.033802732413204015 0.09941670336564658 -0.1920617975740971 -0.9763342588501714 0.0 0.0 0.0 0.0 0.0 0.0
0.8412029427878217 1.0906433435078655 -15.424086248728184 0.9374109609270125 -0.299906895598131 0.17696481092744631 0.11492386896364346 -0.2132604782241014 -0.970212591533451 0.0 0.0 0.0 0.0 0.0 0.0
0.9858828363465598 1.5317012502934961 -15.995762649683021 0.7221619544614396 -0.552998500769155 0.41554153784609854 0.33234150982668104 -0.24952005194916874 -0.9095542119749686 0.0 0.0 0.0 0.0 0.0 0.0
1.2777867457149568 1.3641553181498003 -16.354513970415592 0.41692105085929027 -0.8040879449122595 0.4238153067046591 0.5904376585393132 -0.11490452644421331 -0.7988618911809753 0.0 0.0 0.0 0.0 0.0 0.0
1.7418251545746262 1.4239297174610623 -16.599639978085623 -0.13297385899959516 -0.9878827176690553 0.08003554806182897 0.6476070845828638 -0.1476533664869237 -0.747531636362744 0.0 0.0 0.0 0.0 0.0 0.0
2.2099157666118807 1.3141435783047661 -16.773817210612815 -0.7194912425872233 -0.661619909661019 -0.21116686998778603 0.49713606501695917 -0.2782982284572971 -0.8218307787476591 0.0 0.0 0.0 0.0 0.0 0.0
2.5244115402676686 0.9245898391641232 -17.01996507396103 -0.9082344981178119 -0.11119387803998763 -0.4034179196752605 0.4096916165253415 -0.43217142768841027 -0.8033558591549661 0.0 0.0 0.0 0.0 0.0 0.0
2.71525895252122 0.3201491316072203 -17.15566678762264 -0.7708993708485021 0.3620183773492965 -0.5240771455489793 0.4261709658889376 -0.31843143425747306 -0.8467465556528817 0.0 0.0 0.0 0.0 0.0 0.0
2.704181586053064 0.12535586405259452 -17.710018490255923 -0.354461872578457 0.884884858975288 -0.30221774806331014 0.33333605140412836 -0.18231931594092587 -0.9250117533681057 0.0 0.0 0.0 0.0 0.0 0.0
2.606212579243954 0.029573403381075367 -18.20497035689129 0.23312200502490996 0.972399958703129 -0.009615148845384922 0.28690419700644026 -0.0782062385470013 -0.9547616278382889 0.0 0.0 0.0 0.0 0.0 0.0
2.3330487310294776 0.022850007470810486 -18.789831871188994 0.6228527667189604 0.7317026357229037 0.276885687363381 0.2851504405805782 0.1172985195513888 -0.9512782366625206 0.0 0.0 0.0 0.0 0.0 0.0
2.3387021033257844 0.36634375781078393 -19.316347166152884 0.8646135971114894 0.28440745321831506 0.4141928635838659 0.4489391463869269 -0.06730333007621242 -0.8910240763312908 0.0 0.0 0.0 0.0 0.0 0.0
1.6527282688353364 -0.09026162066781933 0.2769109265939508 -0.6948170494132825 0.7151486087115497 0.07610345131828705 0.19244169806251854 0.08298277646678714 0.97779346063301 0.0 0.0 0.0 0.0 0.0 0.0
1.650888314940909 0.2550090005478594 0.6591688189715895 -0.9937176007579224 -0.019562076662924678 0.11019371624803413 0.09889099191207244 0.30725341871490136 0.9464755191797893 0.0 0.0 0.0 0.0 0.0 0.0
1.5833639058464428 0.6622263148626436 1.0760558523127495 -0.7313368714021692 -0.6785412798422508 0.0687612687326772 0.02394169614682943 0.07510572864614246 0.9968881204579303 0.0 0.0 0.0 0.0 0.0 0.0
1.3562786158722702 0.8662611528527826 1.5405685019957736 -0.22383066599168946 -0.9600775649060068 -0.16778230635519653 -0.24892892999787003 -0.11010709275827861 0.9622425972354557 0.0 0.0 0.0 0.0 0.0 0.0
0.9999373874931518 0.8456758237457932 1.9542615637473588 0.38718846374428134 -0.9019445816693709 -0.19126177124717492 -0.2073140247497894 -0.28729972457269504 0.9351362271896524 0.0 0.0 0.0 0.0 0.0 0.0
0.58165429091336 0.5418672223526649 2.1995810342803472 0.8450704716905778 -0.5333849692508157 0.03682896216255556 -0.28349076694046954 -0.3887010248136183 0.8766666974217437 0.0 0.0 0.0 0.0 0.0 0.0
0.356456914768725 0.17356186898332943 2.35985755654692 0.9379706984676942 0.003947839174725349 0.34669205843496986 -0.3157776139990433 -0.4029716360623623 0.8590101041467989 0.0 0.0 0.0 0.0 0.0 0.0
0.26772894476580783 -0.3846328986033141 2.748272819768475 0.8245518144676699 0.5284152253042359 0.20221685123833516 -0.11553534569860685 -0.19262804307049064 0.974446520296079 0.0 0.0 0.0 0.0 0.0 0.0
0.3596684961258511 -0.5662787626203333 3.126364756985208 0.22878052399626891 0.9419734183890787 0.24565331442581118 -0.15039170890883416 -0.21515862924613793 0.9649295819656496 0.0 0.0 0.0 0.0 0.0 0.0
0.6376827013383424 -0.7922781169288564 3.8125110061047196 0.16859474358343968 0.9738957422485863 -0.1519963672793181 -0.025976206025865697 0.15860480622916243 0.9870003810341268 0.0 0.0 0.0 0.0 0.0 0.0
0.9821077424278002 -0.6407020427330359 4.1883731509744075 -0.5542095482292663 0.8202152082006342 -0.1417701974601957 0.017262789442833548 0.18157460628587493 0.9832256396437096 0.0 0.0 0.0 0.0 0.0 0.0
0.9453473526649449 -0.3974084292087344 4.613623356421695 -0.9279609891060961 0.30146035259857934 -0.21911197709932684 -0.1754036487802555 0.1654022103717746 0.9705027917521434 0.0 0.0 0.0 0.0 0.0 0.0
1.0386205326332112 0.04349078955794148 5.009480814247191 -0.9305820024790659 -0.3209611681905124 -0.17607119348670752 -0.22429703327080625 0.12006768891846792 0.9670959574642491 0.0 0.0 0.0 0.0 0.0 0.0
0.7010018001095718 0.09810597166784064 5.430629255693825 -0.7213346016286007 -0.6814897940740972 -0.12348300719593903 -0.33356134881962457 0.18556698260212365 0.9242844375740489 0.0 0.0 0.0 0.0 0.0 0.0
0.3382210221491742 0.3334898646004539 5.842576504656805 -0.06549144524237697 -0.9978025397064614 -0.010048002557736632 -0.2202575966432819 0.0046423052759724396 0.9754306946793555 0.0 0.0 0.0 0.0 0.0 0.0
-0.2326507102606246 0.3535160835876966 6.313912450105657 0.4081100066224313 -0.9031392376900422 -0.13336318772168182 -0.2789165388273772 -0.262346283476476 0.9237856850561373 0.0 0.0 0.0 0.0 0.0 0.0
-0.6178466989690282 -0.08019381416892567 6.424377610336755 0.8028463068191783 -0.49533750046308844 0.3317809040041118 -0.373913960534579 0.015143946870412189 0.9273397494934267 0.0 0.0 0.0 0.0 0.0 0.0
-0.7321737790561166 -0.2968309755811222 6.863311516787978 0.9245449575619428 0.09323447286380969 0.36949148097972856 -0.3577126973650601 -0.12130933452458152 0.9259188255462873 0.0 0.0 0.0 0.0 0.0 0.0
-0.7792872446583703 -0.7180786276121154 7.278773626438131 0.6981090914711418 0.6369542269466358 0.32700613018741803 -0.23720650180552666 -0.22514037044607915 0.9450105232729352 0.0 0.0 0.0 0.0 0.0 0.0
-0.5359716189246301 -1.2707831944118335 7.734903293026532 0.306245497538495 0.9476451723465856 0.09045619141667133 -0.24881109343526672 -0.012071832725742969 0.9684767992255616 0.0 0.0 0.0 0.0 0.0 0.0
-0.06929354593125431 -1.1932734245483714 8.196631731733868 -0.36517203043129925 0.9306659364519568 0.022589885318093368 -0.07349315149515526 -0.05299771481836723 0.9958865391736859 0.0 0.0 0.0 0.0 0.0 0.0
0.12168883007107943 -1.0303457206486086 8.646392310045748 -0.7735415619547293 0.6258535640048887 -0.09970340190292522 0.011023063530521338 0.17049763959321187 0.9852964259366545 0.0 0.0 0.0 0.0 0.0 0.0
0.04316349690850749 -0.7786334820380371 9.0725522423104 -0.9850510131306667 0.11844300759086177 -0.12508299438004436 -0.10597706507309854 0.15559976786053975 0.9821189204573132 0.0 0.0 0.0 0.0 0.0 0.0
0.029758728396906377 -0.15952314883988988 9.467455726554105 -0.8775182050285972 -0.4786123543274459 -0.029866605574254957 -0.1793434923225663 0.2698932838503669 0.9460409753779224 0.0 0.0 0.0 0.0 0.0 0.0
-0.3651483133755967 0.09416067223064166 9.862875052473548 -0.3491559446861561 -0.9356259031135441 -0.051906605680614115 -0.3595000202322121 0.08253781810422076 0.9294876244660999 0.0 0.0 0.0 0.0 0.0 0.0
-0.7933591609924081 0.08556781717148 10.198375988103624 0.2033783931088864 -0.9786575456572355 0.02943870826995379 -0.36004018171491187 -0.04677578935389431 0.9317634319294856 0.0 0.0 0.0 0.0 0.0 0.0
-1.4401524712373792 0.057833411598966905 10.413778175628082 0.6276303367023679 -0.7634148493678434 0.1525710595609319 -0.44577999446702243 -0.19182804196633 0.8743467269043473 0.0 0.0 0.0 0.0 0.0 0.0
-1.7762385536510916 -0.37784691242075596 10.575545902794081 0.8672232813963647 -0.1397182701152672 0.4779148304877332 -0.49590072122222123 -0.15719928347035728 0.8540321188150286 0.0 0.0 0.0 0.0 0.0 0.0
-1.776345279515038 -0.7737945313667315 11.012383757746516 0.8135612382299722 0.41163435757161276 0.4107009463299543 -0.3211076902314494 -0.27092797061341894 0.9074623331100404 0.0 0.0 0.0 0.0 0.0 0.0
-1.7087227048602958 -0.9117398450340456 11.54895124051029 0.5252420236467213 0.826175017721047 0.2038520460753947 -0.11157348826355161 -0.17059612987355008 0.9790037370658347 0.0 0.0 0.0 0.0 0.0 0.0
-1.276918041651547 -1.237212462734886 12.023490362654483 -0.16729978779550694 0.9798987570879703 0.10867017466181525 -0.13405290553305085 -0.1318383437093213 0.982165194682712 0.0 0.0 0.0 0.0 0.0 0.0
-0.942702441176261 -1.0465431492667931 12.483841704198596 -0.7847976353822643 0.6179067966496893 -0.047789770375323434 -0.0693842661850419 -0.010816708023984002 0.9975313641352271 0.0 0.0 0.0 0.0 0.0 0.0
-1.0759294043985286 -0.7960593253502388 12.978030836659617 -0.958858198446694 0.0798599847106081 -0.27242125121506566 -0.2832453506181617 -0.20469241101558525 0.9369488183597977 0.0 0.0 0.0 0.0 0.0 0.0
-1.2376328069969473 -0.6632755635125616 13.498081269077245 -0.7557898108808451 -0.3255430782041383 -0.5681579586717684 -0.49579196449703317 -0.28242530557462986 0.8212346039416809 0.0 0.0 0.0 0.0 0.0 0.0
-1.6394302261876805 -0.4999217343664397 13.807259137512714 -0.26827537465144463 -0.861531821873972 -0.4310350835536958 -0.6319957711620791 -0.18035013072737624 0.7536943515642579 0.0 0.0 0.0 0.0 0.0 0.0
-2.1286063336463963 -0.4733909074900211 14.023189862643813 0.267595387439726 -0.929054901070397 -0.25544020712890453 -0.569521900729606 -0.36637272704572754 0.7358096421401487 0.0 0.0 0.0 0.0 0.0 0.0
-2.7186421624083046 -0.6717397027328937 14.006894490810902 0.7310481430574077 -0.6591754323635608 0.1762281529740026 -0.4642678142782159 -0.2913381345535829 0.8364074891942123 0.0 0.0 0.0 0.0 0.0 0.0
-2.9690068091101196 -1.149996086718322 14.207880637793762 0.8816599217203679 -0.2199481973288002 0.4174908057955839 -0.47142159705721365 -0.44889185136353627 0.7591164493063254 0.0 0.0 0.0 0.0 0.0 0.0
-3.020273244893167 -1.6306424630194878 14.504013559521013 0.722592494598911 0.4246274327879092 0.54548293288908 -0.29371914929810655 -0.525616377634621 0.7984087204545401 0.0 0.0 0.0 0.0 0.0 0.0
-2.8708837168349377 -2.1680191946466305 14.825402823432729 0.13782184733311223 0.873555524909739 0.46680390240159614 -0.43938500491647187 -0.3684333408111441 0.819266556642764 0.0 0.0 0.0 0.0 0.0 0.0
-2.9087153674571495 -2.206632278703922 15.380488377553418 -0.24095565047989773 0.9629153893801371 0.1213850377794087 -0.45857099845932064 -0.2230532849496082 0.8602092021393463 0.0 0.0 0.0 0.0 0.0 0.0
-2.659057112567327 -2.1906123930073216 15.990216795804958 -0.6910420538414627 0.6858153716406085 -0.2282940118444349 -0.412540544879024 -0.11499479480566481 0.9036517559317423 0.0 0.0 0.0 0.0 0.0 0.0
-2.8921773499256473 -2.014545667997183 16.372704860295844 -0.8859259080265016 0.18877740636902587 -0.42367248710767397 -0.43101867446208325 0.0022673814372504066 0.9023401582808817 0.0 0.0 0.0 0.0 0.0 0.0
-2.998880801440088 -1.7637082257180872 16.75451592705643 -0.8660337191740985 -0.38133478102879387 -0.32337189431241586 -0.3699423034447995 0.05357307741992479 0.9275088234069337 0.0 0.0 0.0 0.0 0.0 0.0
-3.17539328480864 -1.2205476637708383 17.102037596853723 -0.7309742856643096 -0.6265227419102866 -0.27045489007738205 -0.4800251938888241 0.1904237484744558 0.8563379059979385 0.0 0.0 0.0 0.0 0.0 0.0
-3.6533686240190115 -1.000707948230841 17.217265398763402 -0.14545706624120816 -0.9844026357171413 0.09896308742983952 -0.36605570047988006 0.14639943427736565 0.91900513044784 0.0 0.0 0.0 0.0 0.0 0.0
-3.977613583000704 -1.0359275945057524 17.532376291382956 0.290994392618696 -0.9050941550964305 0.31004327742228965 -0.6408739646317005 0.05627119364277665 0.7655808998553079 0.0 0.0 0.0 0.0 0.0 0.0
-4.475958998591217 -1.1564591159896689 17.773263236675273 0.6988175064164482 -0.5881532595540319 0.4070992950151905 -0.5442985625396742 -0.06814367448856394 0.8361193183059705 0.0 0.0 0.0 0.0 0.0 0.0
-4.842454948344682 -1.5520075135008218 18.224201690537683 0.9649376737060383 -0.07834406011145141 0.2505144588801857 -0.2558408375407151 -0.06721892522933873 0.964379117327557 0.0 0.0 0.0 0.0 0.0 0.0
-4.845390027948405 -1.7808511766354358 18.57972869596831 0.7141316657698853 0.6745510348827711 0.1870744912683484 -0.2604226713120384 0.008095569770282168 0.9654607677253367 0.0 0.0 0.0 0.0 0.0 0.0
3.386536291269343 0.6022464761529663 -18.67056101311076 -0.8443219034140281 -0.29627533741478423 -0.4464767047171309 -0.5178875290846133 0.23761031957499787 0.8217869816747533 0.0 0.0 0.0 0.0 0.0 0.0
3.0652226657274784 0.9226970337324881 -18.34609845816702 -0.5204235950180868 -0.8109635261678386 -0.267390053992058 -0.6063064640323589 0.13053382689495902 0.7844446390337146 0.0 0.0 0.0 0.0 0.0 0.0
2.577284867339751 1.3194852077952572 -18.198201602488847 -0.05521082775867877 -0.9984579763250397 -0.005782215069322272 -0.6730960186758722 0.032887108195933636 0.7388235159746872 0.0 0.0 0.0 0.0 0.0 0.0
2.0330256515613994 1.1985721413477342 -17.922828862409016 0.407702064177708 -0.9088436224784864 0.08821732678685328 -0.6157924329184911 -0.2023598271444193 0.7614789425311815 0.0 0.0 0.0 0.0 0.0 0.0
1.6998982546763717 0.9720709086640055 -17.68051577052516 0.7965803852560357 -0.4235029757162072 0.4313987939075205 -0.4790310425406284 -0.0068493899254943235 0.8777712379316648 0.0 0.0 0.0 0.0 0.0 0.0
1.299428416294905 0.46149330828833063 -17.33770397980747 0.9233116508575996 0.19879826697923653 0.32859525930339667 -0.33384638680851525 -0.007880451389758006 0.942594551491145 0.0 0.0 0.0 0.0 0.0 0.0
1.3402830770133836 0.19924718243719186 -16.855706298426856 0.6165847254949046 0.7767923114598537 0.12812876782062058 -0.29959511637512587 0.08100791624896017 0.950621104199342 0.0 0.0 0.0 0.0 0.0 0.0
1.4949091762897821 0.17705820828619612 -16.32144762961856 0.2606680369893369 0.9649945667341636 -0.028942368003835886 -0.252874698015822 0.09719195253688495 0.9626048573872225 0.0 0.0 0.0 0.0 0.0 0.0
1.8667307466541438 0.32062250528293024 -15.842781462784687 -0.43686967875502863 0.874298968541767 -0.21153296998643087 -0.24516155702060424 0.11055572259007762 0.9631579533813852 0.0 0.0 0.0 0.0 0.0 0.0
1.749471706973468 0.6144818325898097 -15.344612144869687 -0.6070826986387473 0.655344503133041 -0.44941537493370576 -0.3263049548210907 0.3101038327497217 0.8929505525913171 0.0 0.0 0.0 0.0 0.0 0.0
2.0846656278682576 1.0538005080151127 -15.064252527624207 -0.9694138716102787 0.07373743101984573 -0.23409300885793966 -0.18181777850786376 0.42469039306634915 0.886893660737078 0.0 0.0 0.0 0.0 0.0 0.0
1.8143773968850279 1.403142365187446 -14.816341864287388 -0.8103086772474621 -0.5855318845551728 -0.02350020737644846 -0.31677267777431956 0.4039583349207167 0.8581798962127749 0.0 0.0 0.0 0.0 0.0 0.0
1.3956221050609408 1.8800223412808525 -14.535432986830028 -0.41894902226771447 -0.9069760918790362 -0.04331380265869406 -0.31640507686476665 0.10114538060723889 0.9432165389326133 0.0 0.0 0.0 0.0 0.0 0.0
0.9445238959209373 1.8739460820935345 -14.165492682163263 0.0761775136323609 -0.9968425129489594 -0.02240515106834232 -0.34972656124847973 -0.04771116916268204 0.935636134773793 0.0 0.0 0.0 0.0 0.0 0.0
0.43622696055412064 1.4717693413946935 -14.003356861939423 0.8042438676094994 -0.4993658885829446 0.3222196622372387 -0.43733411918323406 -0.1303821909984311 0.8897973659596174 0.0 0.0 0.0 0.0 0.0 0.0
0.2593972123204337 0.9891246344639157 -13.664300910015866 0.904721264139984 0.24755682960165482 0.3466915781072946 -0.29220640059359304 -0.23173363090848031 0.9278550230279022 0.0 0.0 0.0 0.0 0.0 0.0
0.29884309163482675 0.606277615317296 -13.31303051648203 0.560327274755142 0.753575768381124 0.34373959107771435 -0.3407950020218441 -0.16853184571904792 0.9249085271395558 0.0 0.0 0.0 0.0 0.0 0.0
0.3610736088283634 0.5928401620098614 -12.792824753463252 0.19796626369495252 0.9724117389012386 0.12338868864579866 -0.09493366293089246 -0.10623270068889559 0.9897990770590096 0.0 0.0 0.0 0.0 0.0 0.0
0.8172142815214838 0.4221758335289974 -12.344788242545198 -0.3938005333454649 0.9151991551837286 0.08562503306753656 0.0351187824843532 -0.07802906851228195 0.996332341934117 0.0 0.0 0.0 0.0 0.0 0.0
1.0017040562943356 0.5906707364796118 -11.82503717617594 -0.7612058975631164 0.6461659483730086 -0.05509218345955139 -0.040216090360565074 0.03788344061122183 0.9984725890096167 0.0 0.0 0.0 0.0 0.0 0.0
1.076671860658712 0.8632983984005351 -11.403014649903588 -0.9455815575190517 0.3003831640766344 -0.12508186446945038 -0.009037049537567576 0.3601067263453661 0.9328673417890023 0.0 0.0 0.0 0.0 0.0 0.0
1.057939803944588 1.4209174688894104 -11.157464340220704 -0.911372567879695 -0.40233946559895667 0.08673521163816236 0.05575115406272244 0.08799807067288647 0.9945592734364926 0.0 0.0 0.0 0.0 0.0 0.0
0.7200817386710495 1.6555969711199812 -10.65931336581357 -0.41109786889947 -0.911167463509034 -0.027792006563530584 0.11280124787602282 -0.08104622159542806 0.9903067143277969 0.0 0.0 0.0 0.0 0.0 0.0
0.5377802888001878 1.5429531580183142 -10.295352488847147 0.34774353420565557 -0.9372930835892659 0.023581981975343586 -0.12999690416985996 -0.023337733508992323 0.9912397061765209 0.0 0.0 0.0 0.0 0.0 0.0
0.1049150817875871 1.4605078728112306 -9.846763004546522 0.576265959496521 -0.8055029527785839 -0.1381395562123197 -0.17270941889742802 -0.2851491376868314 0.9427944770206119 0.0 0.0 0.0 0.0 0.0 0.0
-0.016341864287391396 1.040001565312671 -9.585160835876968 0.9845030129537398 -0.09941937097637098 0.1444631654079025 -0.1744714130939939 -0.4711262025828299 0.8646385529531211 0.0 0.0 0.0 0.0 0.0 0.0
0.0027111704625499117 0.5321378257806996 -9.22925716130547 0.868126095248519 0.46354486381608484 0.17743517683448998 0.007341396308461992 -0.3693208103500992 0.9292729647109014 0.0 0.0 0.0 0.0 0.0 0.0
0.30859283282460664 0.003243132190655089 -8.971820703216718 0.39913562497821153 0.8904081652551316 0.2187785458408638 0.20527553426178824 -0.31927132322694884 0.9251636488743223 0.0 0.0 0.0 0.0 0.0 0.0
0.5437230961884637 -0.10133051577052515 -8.513696485873052 -0.11446844301669826 0.9772877885767329 0.17834111654952675 0.323660568130842 -0.1331082624586334 0.9367635918963034 0.0 0.0 0.0 0.0 0.0 0.0
1.1155271901926047 -0.1287718699082869 -8.240474716642831 -0.6389318960357047 0.6921451018715244 0.33570997927299767 0.2800549554366741 -0.1971343582577718 0.939525021875234 0.0 0.0 0.0 0.0 0.0 0.0
1.2421460436722236 -0.029427878218674177 -7.749906081239727 -0.9527452909894707 0.20619784127837673 0.22306694230550148 0.1891181257358858 -0.17216889974517524 0.966743091249522 0.0 0.0 0.0 0.0 0.0 0.0
1.458821604160886 0.35305983051932804 -7.328313660199078 -0.8873391220341972 -0.4207018185907085 0.1887836389681347 0.2863721370462533 -0.18207272638887945 0.940659620388205 0.0 0.0 0.0 0.0 0.0 0.0
1.4100976897407982 0.5062256753968423 -6.795100571339126 -0.6872084431261317 -0.7232397469901208 -0.06832879385606062 0.045131048316647 -0.13640037598228683 0.9896252451861418 0.0 0.0 0.0 0.0 0.0 0.0
1.2011142180195948 0.5280084242281942 -6.2900133051577045 -0.4893318451623179 -0.8231454045481346 -0.28807288709861123 -0.19916488505098978 -0.21604934925280253 0.9558535595215757 0.0 0.0 0.0 0.0 0.0 0.0
0.8715587579243953 0.43952512326837273 -6.056993278938719 0.276721794326853 -0.9608143612856961 -0.016149665373827914 -0.03459724055901944 -0.026710172413334336 0.9990443421767381 0.0 0.0 0.0 0.0 0.0 0.0
0.33325384479924847 0.35514131838459734 -5.684352254050247 0.7297257392211359 -0.6812265847739235 0.05857205575547974 -0.2013177909772784 -0.13215134683615154 0.970570537655775 0.0 0.0 0.0 0.0 0.0 0.0
0.16046589397141167 0.0063964367791557305 -5.318989377219008 0.9955316588841188 -0.03883544355736994 0.08607278596128472 -0.09024751825625457 -0.1239265227028233 0.9881789323899663 0.0 0.0 0.0 0.0 0.0 0.0
0.18628565977929099 -0.46949841512092033 -4.890914827424277 0.8810874246010328 0.46926671471130377 0.05893810884291328 0.019551237295606684 -0.16077736731869777 0.9867970344900107 0.0 0.0 0.0 0.0 0.0 0.0
0.44139982977224695 -0.4989690948579479 -4.377454361352429 0.5163642816016664 0.8541964292974858 -0.06096219206541207 0.19843856578000263 -0.04997073901049786 0.9788386286073513 0.0 0.0 0.0 0.0 0.0 0.0
0.9012750183212732 -0.630991767878361 -3.9937814396607543 -0.20870030949430027 0.97797935728143 0.0007466916260972613 0.22546397860558656 0.04745394134365531 0.9730951226896025 0.0 0.0 0.0 0.0 0.0 0.0
1.027221765672693 -0.41221164005635114 -3.5442555470767787 -0.6203501708059279 0.7685449338317885 -0.15653865421213967 0.05212628801647514 0.23953310474737122 0.9694878760601952 0.0 0.0 0.0 0.0 0.0 0.0
1.4192796715689413 0.04768511601101411 -3.277892804542253 -0.9865848350694949 0.10026420447242972 0.12883110071876402 0.1528878637231863 0.2903824205454232 0.9446180979445299 0.0 0.0 0.0 0.0 0.0 0.0
1.3998946971475732 0.44378748745971097 -2.852974449828171 -0.9342631794344574 -0.3357595835744861 0.12007420035505831 0.02406200433350419 0.2765464619240554 0.9606992632165081 0.0 0.0 0.0 0.0 0.0 0.0
1.2028535160835876 0.6499178210847615 -2.5439070204273304 -0.4880171458908572 -0.8198325212939719 0.2995227910281804 0.07161483202529183 0.30440296407133166 0.9498474358014433 0.0 0.0 0.0 0.0 0.0 0.0
0.9865945644517493 0.8750403557173047 -2.104231480394458 -0.03083106677130717 -0.9829669523557987 0.18117785708550588 0.022138779651255932 0.18048437675649062 0.9833286653923876 0.0 0.0 0.0 0.0 0.0 0.0
0.5598696521448341 1.005798771941059 -1.6587155898026993 0.5181385596655836 -0.849814431612897 0.09668435659465908 0.09167189870134204 0.16759528579667532 0.9815844758181649 0.0 0.0 0.0 0.0 0.0 0.0
0.5704938561477655 0.8263950849182122 -1.140756828676528 0.9142110702347769 -0.4019298915261825 -0.051676700339080665 0.015741791400962202 -0.0922158720644851 0.9956145985987124 0.0 0.0 0.0 0.0 0.0 0.0
0.40828246067151913 0.32840015261798544 -0.7094314980042264 0.9910416188458144 0.07403905206657661 -0.1111518262762711 0.12621739161447887 -0.24797119667044176 0.9605099976969871 0.0 0.0 0.0 0.0 0.0 0.0
0.6439774594975345 0.21531267120607342 -0.33368552868435475 0.6537721103914782 0.753192848562458 -0.07268122555820707 0.24351577363743376 -0.11849225853343621 0.9626316287435228 0.0 0.0 0.0 0.0 0.0 0.0
1.1392971746106284 -0.1316858417468889 -0.017605854269390313 0.12867557129247814 0.9915478442929059 -0.016597283833377587 0.42709827458016547 -0.04025363638440328 0.9033087559680122 0.0 0.0 0.0 0.0 0.0 0.0
