t = 0
b = 76.458142 76.458142 76.458142
E = 0.000000 0.000000 0.000000
0.17621507396102376 -0.6683493777882131 -0.190277985300291 0.17104031629867383 0.9719641093046778 0.16134119258271853 -0.24761105583448537 -0.11611506324627596 0.9618763211119425 0.0 0.0 0.0 0.0 0.0 0.0
0.1322063082100649 -0.587923612741645 0.3889645456679971 -0.20030172456408016 0.9726120478608877 -0.11791956365466014 -0.23718443275355544 0.06856372981796773 0.969042083612896 0.0 0.0 0.0 0.0 0.0 0.0
0.3692217950223057 -0.4584776355952101 0.8876753639351957 -0.6710010016821372 0.6898666692071285 -0.27173817261958416 -0.2149232869784841 0.16981768630569927 0.9617535724561378 0.0 0.0 0.0 0.0 0.0 0.0
0.45734767551068334 -0.11959967128433902 1.228604132425452 -0.9692318977148171 -0.11246935739906169 -0.21895244254946375 -0.23979535326367324 0.23035845946879716 0.9430976453709938 0.0 0.0 0.0 0.0 0.0 0.0
0.31292948266416215 0.12330750567425842 1.6882562416842766 -0.8060120317063267 -0.510127383379583 -0.30019103496097166 -0.4651381520616747 0.23224558700541262 0.8542297623082222 0.0 0.0 0.0 0.0 0.0 0.0
-0.05633658135712608 0.5083059403615873 1.967311868983329 -0.37049031852105885 -0.9264072313264087 -0.06713095879176861 -0.4595783848812951 0.12004300981340653 0.879987149874837 0.0 0.0 0.0 0.0 0.0 0.0
-0.4802222743993114 0.7214213039054551 2.1098105971667835 0.18141819298124648 -0.9343664993603857 0.30667031830361025 -0.449495914091947 0.1985688007694679 0.870932749743412 0.0 0.0 0.0 0.0 0.0 0.0
-1.0061580823496765 0.6959593587910093 2.4568649633218778 0.5243083543001539 -0.8142837368600329 0.2490838121924527 -0.35806389868748045 0.05454216038660492 0.9321026752440332 0.0 0.0 0.0 0.0 0.0 0.0
-1.1628499941300776 0.5316205388588869 2.893864463489082 0.9201251655288731 -0.3174722081379195 0.22930564062076003 -0.22431447186199377 0.05261361263543789 0.973095486310939 0.0 0.0 0.0 0.0 0.0 0.0
-1.3427594505752523 -0.010958411598966893 3.3230621918290684 0.9717028761471062 0.22202888299060233 0.0806020818923871 -0.03856463361007687 -0.1875556232738064 0.9814966414679648 0.0 0.0 0.0 0.0 0.0 0.0
-1.1650512150739607 -0.4135543848321202 3.7056747475933314 0.6847320383862734 0.7149490338149241 0.14138569465998158 0.096025829626806 -0.28081658245988256 0.9549455937696323 0.0 0.0 0.0 0.0 0.0 0.0
-0.8542681674101901 -0.36147349729983563 4.224047605071611 0.14296070690025325 0.9894767708553057 0.022314932676054305 0.21572971446142022 -0.053102694010107664 0.9750080995495694 0.0 0.0 0.0 0.0 0.0 0.0
-0.3974186571040292 -0.4463844834823937 4.565992159206528 -0.3237779785864451 0.9380972113138978 0.1230505697165335 0.2599631286676383 -0.036822407214036755 0.964916204683234 0.0 0.0 0.0 0.0 0.0 0.0
-0.2737066604054161 -0.2464467402363622 5.02036863113407 -0.884706535376325 0.4635287993665412 0.0493497560301193 0.1043465527435335 0.09382615301011148 0.9901052721513325 0.0 0.0 0.0 0.0 0.0 0.0
-0.14920951710104097 -0.030429678328246064 5.4451279643108705 -0.9938387158729998 -0.10803374990168758 0.024765211771482862 -0.0002644380795069392 0.2251595123519409 0.9743218790881883 0.0 0.0 0.0 0.0 0.0 0.0
-0.17438072317445416 0.5163000410894577 5.7565559697112 -0.8161096720479618 -0.5757153925073258 -0.05016761923695296 -0.2964059419618483 0.34252784108886314 0.8915257683593403 0.0 0.0 0.0 0.0 0.0 0.0
-0.5597095633489152 0.7793905241662932 6.059101225924423 -0.30861616875518777 -0.9413446599296176 0.13647817263160492 -0.21532378070269478 0.2088966857205797 0.9539380714484852 0.0 0.0 0.0 0.0 0.0 0.0
-0.8446194822728341 0.6729646043672223 6.4507550187837515 0.4272815767290648 -0.886133002439385 0.17944011863483944 -0.14933091347250396 0.12655173708643624 0.9806553605226829 0.0 0.0 0.0 0.0 0.0 0.0
-0.9634230453158017 0.5471795022305705 6.983017580417939 0.6482814568354065 -0.7507944775776411 -0.12664440438598207 -0.04336394911569908 -0.20257291977180789 0.9783065879836523 0.0 0.0 0.0 0.0 0.0 0.0
-1.348944881427565 0.07511666471002583 7.25894062573374 0.9968169604693611 -0.05820828966244452 0.05447698904305595 -0.0651825294337597 -0.20252126387193084 0.9771061229653271 0.0 0.0 0.0 0.0 0.0 0.0
-1.2473051719353667 -0.32961571573921894 7.718649277465899 0.8487974296943092 0.5270908807802541 0.04145029243117725 0.11355987769069181 -0.25831447869863866 0.9593632181158113 0.0 0.0 0.0 0.0 0.0 0.0
-0.8953517328722774 -0.553668879449579 8.175158487907959 0.4068465554548241 0.9133975903097751 -0.01344330059327337 0.27336581875192006 -0.10772269876689858 0.9558592727533004 0.0 0.0 0.0 0.0 0.0 0.0
-0.5389997652030991 -0.5645378414338263 8.553099319088988 -0.15253931593620598 0.9778667441604545 0.14320749896128546 0.21401368389140132 -0.1088300205131841 0.970749282638072 0.0 0.0 0.0 0.0 0.0 0.0
0.05018250122734743 -0.5320995823461191 8.813724234597679 -0.6052344376587815 0.777545167442574 0.170630560154265 0.33383724543952187 0.053384463959350835 0.9411178420182699 0.0 0.0 0.0 0.0 0.0 0.0
0.29890356962439607 -0.18285698022725497 9.139124278711035 -0.92658595859075 0.1642949110537699 0.33829815776071664 0.35868481378415695 0.11591789039996632 0.9262333653274676 0.0 0.0 0.0 0.0 0.0 0.0
0.2693707443061751 -0.06418173280112702 9.717973702747125 -0.899152421369966 -0.42741589856381135 0.09402432025501158 0.15523659187067085 -0.11072865855500609 0.9816520588879686 0.0 0.0 0.0 0.0 0.0 0.0
0.1071407607419582 0.3274536276121155 10.279228545433195 -0.547535196816757 -0.8305372048477692 -0.10204489017334395 0.075152179971093 -0.17032436747206126 0.9825180709232959 0.0 0.0 0.0 0.0 0.0 0.0
-0.22884259802770604 0.272342392580418 10.722660835876965 0.10389387048575945 -0.9770127353759567 -0.1861509564538391 0.07410700011413986 -0.1790617117577514 0.9810428410199357 0.0 0.0 0.0 0.0 0.0 0.0
-0.3954549012074252 0.04709812375931182 11.253221342326768 0.43925517747853804 -0.8355559796084095 -0.33000165756997235 0.06369550923014883 -0.3375103809487753 0.9391643226058605 0.0 0.0 0.0 0.0 0.0 0.0
-0.5646239336307426 -0.39079596149330825 11.497186350473504 0.9428948409515459 -0.31710985610228065 -0.10193457740016419 -0.044021347136479705 -0.4217775075749659 0.9056300873425855 0.0 0.0 0.0 0.0 0.0 0.0
-0.6763075697097767 -1.0241022576077754 11.689570037069448 0.9460632424348397 0.31516770342017153 0.07505771135954342 0.08557066770001603 -0.46689544383540516 0.8801626584643963 0.0 0.0 0.0 0.0 0.0 0.0
-0.4308950030950501 -1.38452261521057 12.051046980725308 0.6517719230446767 0.7505365599082214 0.10903317188716771 0.23026314289411334 -0.3327992789168182 0.9144525821369694 0.0 0.0 0.0 0.0 0.0 0.0
-0.15574861078500432 -1.5212999921734367 12.411775064569147 0.18663437103939162 0.9428624860009265 0.27600352178710225 0.28160793642381543 -0.32047146573187746 0.904430765617127 0.0 0.0 0.0 0.0 0.0 0.0
0.27275695585818266 -1.5696246184550366 12.766472470063393 -0.5130576134560745 0.7906312162098917 0.3341768472369453 0.3486114544733521 -0.16366685360267488 0.9228668456726434 0.0 0.0 0.0 0.0 0.0 0.0
0.598978633482038 -1.477768646787196 13.154895515379195 -0.8835396357040487 0.3007336371730275 0.35905012409500525 0.3516796080244955 -0.08042011364002567 0.9326596692373175 0.0 0.0 0.0 0.0 0.0 0.0
0.8974157666118806 -1.108090954449401 13.591453392815216 -0.9292505284326024 -0.2986228757907192 0.21752662701887715 0.23867105061991745 -0.03577499099816289 0.9704412808692064 0.0 0.0 0.0 0.0 0.0 0.0
0.8486129195215835 -0.5935487772773519 14.072050630749855 -0.7157263096912162 -0.6907048316065245 0.10326027896144806 0.04266099347555771 0.10445531513079342 0.9936141740014607 0.0 0.0 0.0 0.0 0.0 0.0
0.5069016058684995 -0.3683892221107529 14.462656620205339 0.021845374125969024 -0.9903236270439293 0.13704704793556538 0.1451157306897776 0.13876706647079542 0.979635200454466 0.0 0.0 0.0 0.0 0.0 0.0
0.48793730922751816 -0.4554179384832119 14.99335598145104 0.4004146744310238 -0.9082355506124624 -0.12155769454861454 0.08145618711372937 -0.09686605444771307 0.9919585964528086 0.0 0.0 0.0 0.0 0.0 0.0
0.037831650622211825 -0.7986800011739843 15.427323021836113 0.9160838326795196 -0.3644935469468094 -0.16713726615370866 0.10672869875399967 -0.18026249007786396 0.9778110346755174 0.0 0.0 0.0 0.0 0.0 0.0
0.1546724583235502 -1.1307855423808406 15.796519135947406 0.9832240027113829 0.18198443895912814 -0.012337928065027844 0.09162186228465749 -0.43392699118221967 0.896277189643381 0.0 0.0 0.0 0.0 0.0 0.0
0.2622894832333669 -1.6605761773641552 16.045820970920758 0.7938039856723393 0.6075869095040283 -0.026709169400269427 0.4096658279964991 -0.5018073336594026 0.7618157974586665 0.0 0.0 0.0 0.0 0.0 0.0
0.6120411677232528 -1.9044141817328013 16.48698051185724 0.2690054172656303 0.950222604684131 0.15720396632734712 0.46394990712800827 -0.27096677251664486 0.8434023309594452 0.0 0.0 0.0 0.0 0.0 0.0
1.0151639665023087 -2.083779447444627 16.800598732096734 -0.4010687680824564 0.8920415418961478 0.20834042046699433 0.5099844777246971 0.028479381380404196 0.8597120199904487 0.0 0.0 0.0 0.0 0.0 0.0
1.659001526179854 -1.7969336992251703 17.01672194177037 -0.7676917251493527 0.5164573340472687 0.37936952598488805 0.47780649856504076 0.06671609122756199 0.8759280296350446 0.0 0.0 0.0 0.0 0.0 0.0
1.8884536845325763 -1.4445345685073319 17.3408824094431 -0.9091362760373154 -0.003360257283094598 0.4164852221435878 0.4102771770981211 0.1653541745403953 0.8968448220926858 0.0 0.0 0.0 0.0 0.0 0.0
1.816700663301245 -1.1667314803944588 17.826323667527586 -0.7187966686370623 -0.6063146053975421 0.34016752995823113 0.19531103960406165 0.293358509206764 0.9358388658763674 0.0 0.0 0.0 0.0 0.0 0.0
1.7202981920638647 -0.8195769253345857 18.13660410307584 -0.1404053038000393 -0.9039271690382384 0.40398270227738037 0.12703766972193303 0.38822994319604615 0.9127644502705042 0.0 0.0 0.0 0.0 0.0 0.0
1.357801127025123 -0.5235787450105658 18.62107448931674 0.28088909989747124 -0.955880901045511 0.08598265275746202 -0.0812375403783423 0.06564078472222186 0.9945309192852317 0.0 0.0 0.0 0.0 0.0 0.0
1.244283452877777 -0.9050928205167045 19.137075945436226 0.8063415843849703 -0.5606491729354169 -0.1883766285354126 0.017061906797704255 -0.29621217390768645 0.9549697583511788 0.0 0.0 0.0 0.0 0.0 0.0
2.2685167652561176 -1.447719819130645 18.86901741284112 -0.9185513847692275 0.37276889921174017 0.13155493650563652 -0.2038917350946159 -0.1616827636037674 -0.9655500216527133 0.0 0.0 0.0 0.0 0.0 0.0
1.9122593331768023 -1.7744959204038506 18.535538712138994 -0.4666235092849561 0.8842624355578844 0.018505286915656057 -0.42981821672988213 -0.20841985940389718 -0.8785314238962678 0.0 0.0 0.0 0.0 0.0 0.0
1.3004373092275179 -2.0643600316975816 18.495410454331996 0.22513092525758696 0.9372683508031276 -0.2661655595216033 -0.6141856245630105 -0.07556541241294226 -0.7855354142411446 0.0 0.0 0.0 0.0 0.0 0.0
0.7944536569617281 -1.8095173456210376 18.314026179854427 0.6466675418928376 0.5575106093792018 -0.5205794950743895 -0.5453697557021312 -0.13927870162251912 -0.8265429649085055 0.0 0.0 0.0 0.0 0.0 0.0
0.6820889097597244 -1.6867691946466306 17.784080770133833 0.9224962037919888 0.09779428731115229 -0.3734126823752419 -0.37048361789623124 -0.04708453714812688 -0.9276448324828128 0.0 0.0 0.0 0.0 0.0 0.0
0.5222286628316505 -1.3383716834937778 17.358223027706035 0.8278951265408737 -0.4666548905244631 -0.31116373921051965 -0.262008305636739 0.1687813850310782 -0.9501918184473891 0.0 0.0 0.0 0.0 0.0 0.0
0.6951446846962226 -0.8443830177805289 16.96936967704754 0.29513909068603617 -0.922379662922014 -0.24921612021876047 -0.1364765193906026 0.21744653214399323 -0.966483918807539 0.0 0.0 0.0 0.0 0.0 0.0
1.0490405344831266 -0.705447288095797 16.565992159206527 -0.29428603974798206 -0.93084765745158 -0.21660647595664112 0.010844254476937227 0.22334933437412344 -0.974678140197817 0.0 0.0 0.0 0.0 0.0 0.0
1.1296939813727798 -0.732229787900133 16.066647100258276 -0.7614994271353113 -0.6333866582911519 -0.13762254020094303 0.0017526032382250048 0.21029249613167875 -0.9776369440915157 0.0 0.0 0.0 0.0 0.0 0.0
1.3985604015027 -1.1229235149096028 15.542604631368865 -0.9861642142504254 0.006714944526766252 0.1656352983269066 -0.16562752052985064 -0.08446516140913438 -0.9825645836031659 0.0 0.0 0.0 0.0 0.0 0.0
1.2573594153557173 -1.2015914827424277 15.103956327776478 -0.8448456972181746 0.4878226497358108 0.21969253582374831 -0.2619791706026491 -0.019036911380186646 -0.9648857498043233 0.0 0.0 0.0 0.0 0.0 0.0
0.9484730864052592 -1.6376386769194644 14.690900886358293 -0.6384746438654119 0.7419959489619076 0.2044312619563204 -0.3616964285347272 -0.05473276261672805 -0.9306879274394634 0.0 0.0 0.0 0.0 0.0 0.0
0.6494130077482977 -1.6688189715895747 14.369593801361823 -0.1376396638432886 0.9902159909873095 0.02296985263616558 -0.37137248862498207 -0.03014041183365047 -0.927994628361062 0.0 0.0 0.0 0.0 0.0 0.0
0.17038428426078112 -1.685121703060186 14.171609141426 0.5080260508923825 0.7989162764298435 -0.3219352650303541 -0.5077881618975726 -0.02410932127147972 -0.8611445426085642 0.0 0.0 0.0 0.0 0.0 0.0
-0.36700589927212957 -1.376606891289035 13.798236088283634 0.9255580164349319 0.335752605720048 -0.17496441342522273 -0.2531979694633476 0.2055807444865362 -0.9453186477352487 0.0 0.0 0.0 0.0 0.0 0.0
-0.5141411769728277 -0.9812624958199037 13.48646716045166 0.8898312863789164 -0.3108621678180644 -0.3340134644003085 -0.2752204637813698 0.21823929578083967 -0.9362827062875031 0.0 0.0 0.0 0.0 0.0 0.0
-0.2572603604132425 -0.46649374853251924 13.136079478750874 0.4291655383026565 -0.8180443507151027 -0.382910408576859 -0.16948241970698455 0.34340751403538305 -0.923767821865594 0.0 0.0 0.0 0.0 0.0 0.0
0.05015048346816367 -0.32795790731925983 12.678025856119305 -0.07262605533048919 -0.9471259092328316 -0.3125347471034457 0.1092081009183791 0.30384577247730515 -0.9464414071887761 0.0 0.0 0.0 0.0 0.0 0.0
0.23725444157470452 -0.3196211943335681 12.184746028019099 -0.6061308444532039 -0.7545673882384569 -0.2514626334258029 0.19129197537260112 0.16860531788009747 -0.9669434455750757 0.0 0.0 0.0 0.0 0.0 0.0
0.502101432261094 -0.43256633012444246 11.654895515379197 -0.9497203689087637 -0.3114278661985836 -0.032309519259796624 0.016704381647464194 0.0527065523899854 -0.9984703215263524 0.0 0.0 0.0 0.0 0.0 0.0
0.5783652443666532 -0.8946651298142259 11.130909944716002 -0.9195404944039361 0.33551558750129395 0.20463276789171925 -0.15137114394104237 0.17805766481498794 -0.9723076903854116 0.0 0.0 0.0 0.0 0.0 0.0
0.25861313297331145 -0.8386906159505362 10.684358613132973 -0.5902820421479607 0.7442686618387332 0.31246002899957415 -0.3765438764660763 0.08851807878634665 -0.9221601047669945 0.0 0.0 0.0 0.0 0.0 0.0
-0.17126599553885888 -0.9794112467715428 10.428452981920637 0.2102325988280542 0.9775180975706506 -0.016143832006640668 -0.44097941650407924 0.08010268848100577 -0.8939355197763633 0.0 0.0 0.0 0.0 0.0 0.0
-0.5265063688659309 -0.8380635125616342 9.995810342803473 0.5750127457032673 0.8160827580186121 0.05804545067036014 -0.2823374025271324 0.2645086945552521 -0.9221283758994234 0.0 0.0 0.0 0.0 0.0 0.0
-0.926490782442884 -0.4364945534234099 9.716411591851838 0.9436756574683677 0.33079985460612216 0.006907220440419779 -0.052974907413353395 0.1714889114042471 -0.9837607495981596 0.0 0.0 0.0 0.0 0.0 0.0
-0.9400289582844172 -0.20166705799483445 9.337254441574704 0.9905119712652863 -0.10750437955932347 -0.0856086628544177 -0.06974598002839649 0.1436653420633733 -0.987165521966652 0.0 0.0 0.0 0.0 0.0 0.0
-0.9086640056351255 0.2411011974641935 8.989485012131173 0.8006119587103361 -0.5454639969698392 -0.24797080388563167 -0.01236678337368436 0.39864628403126173 -0.9170213753763078 0.0 0.0 0.0 0.0 0.0 0.0
-0.6521555066988267 0.7185034187851751 8.594395469131321 0.16782365368653704 -0.9720331087272496 -0.16427676890339718 -0.08087897857825435 0.15263436825921067 -0.9849676849776594 0.0 0.0 0.0 0.0 0.0 0.0
-0.4952688424512795 0.6404515927056429 8.108793143930502 -0.49934108171596153 -0.8663980594690677 -0.003589799293428196 -0.07412158948669705 0.046842103089915994 -0.996148486597294 0.0 0.0 0.0 0.0 0.0 0.0
-0.2039250215230492 0.43530954058073096 7.7302848869061584 -0.9015853413206585 -0.4204646605721144 -0.10175137112436447 0.13629528750598127 -0.05283761302948655 -0.9892581974656607 0.0 0.0 0.0 0.0 0.0 0.0
-0.04565332237614461 0.13417542263442123 7.232338870626907 -0.9968061206139913 0.07366277483969431 -0.030844019021545897 0.028712770420806902 -0.02922623019391948 -0.9991603496353397 0.0 0.0 0.0 0.0 0.0 0.0
-0.05997226461610706 -0.34778557173045316 6.837560900446113 -0.811020761890142 0.5786077284690021 -0.0863621464478235 -0.03348178513560409 -0.19322955012427856 -0.9805821286475204 0.0 0.0 0.0 0.0 0.0 0.0
-0.47420535923925794 -0.5560577600375675 6.463048837755341 -0.3717820979646363 0.927869621312645 0.028914312686664178 -0.24189253974418323 -0.06676896433144514 -0.968003049901298 0.0 0.0 0.0 0.0 0.0 0.0
-0.7287547937700555 -0.49618846364561325 6.052966267511938 0.23293069093679905 0.9719203560198025 -0.033378357869219 -0.13726629992735098 -0.001069680431998845 -0.990533603008009 0.0 0.0 0.0 0.0 0.0 0.0
-1.0970371566095325 -0.425433640525945 5.693579038506691 0.717253473560081 0.6952985860567237 -0.04590567387065532 -0.10866782567119275 0.046594580608943295 -0.9929855229165085 0.0 0.0 0.0 0.0 0.0 0.0
-1.449561356699182 -0.10009818779483018 5.346215145111601 0.9925061378516784 0.11911567267670631 -0.02725844547147212 -0.048046274559305414 0.17501565488948995 -0.983392635748598 0.0 0.0 0.0 0.0 0.0 0.0
-1.4136587760677921 0.3941670757824783 5.022832219826818 0.9365791314319901 -0.33366565148902827 -0.10717632006418804 -0.0004237091625775529 0.3044671204577886 -0.9525227519753467 0.0 0.0 0.0 0.0 0.0 0.0
-1.1041050324802377 0.5877631681928466 4.584906472567894 0.5770450520701855 -0.809585595441753 -0.10765765896831975 0.16340583146431545 0.24359523833861943 -0.9560124968337009 0.0 0.0 0.0 0.0 0.0 0.0
-0.5496118513735617 0.8668518138060578 4.269565185489549 -0.14699458363402387 -0.9834459960895604 -0.10595548668036195 0.07631823183293437 0.09548991759270949 -0.9925004801651394 0.0 0.0 0.0 0.0 0.0 0.0
-0.4812419288565391 0.6637891817328011 3.689029848555999 -0.4653142275975154 -0.8832622253186847 0.05771057892980066 0.2739616760024777 -0.20577782530605626 -0.9394681935511302 0.0 0.0 0.0 0.0 0.0 0.0
-0.184443971589575 0.5218177682554589 3.314605834702981 -0.889145865862289 -0.45192049619729885 -0.07202426213983484 0.2307344115326783 -0.30694276860532527 -0.9233351331643167 0.0 0.0 0.0 0.0 0.0 0.0
0.036030318149800414 -0.05172502347969007 3.0790568501995774 -0.9190114436636354 0.3305232957523771 -0.21487744735143208 0.1714799728784164 -0.1557313766633713 -0.97280129380267 0.0 0.0 0.0 0.0 0.0 0.0
-0.1293143930500118 -0.24070595601471395 2.704437661422869 -0.5514341978292933 0.774663661577956 -0.309542463799392 0.25520384489242576 -0.1967080959675763 -0.9466662149527327 0.0 0.0 0.0 0.0 0.0 0.0
-0.4588820821504551 -0.6208990586778799 2.2530541384732508 -0.1002696768718975 0.9793565273614563 -0.1755186150085351 0.1223913417562746 -0.16297185839625772 -0.9790099758602916 0.0 0.0 0.0 0.0 0.0 0.0
-0.5829933669875557 -0.6617273714486969 1.675378610002348 0.25430196341773265 0.9500407906992625 0.18097791967366134 0.2648110228906082 0.11162227946243572 -0.9578181397756256 0.0 0.0 0.0 0.0 0.0 0.0
-0.7528335716877628 -0.39061666204187917 1.1488612350316976 0.8281860175764246 0.4677561776079603 0.30872654340126343 0.15175702742758423 0.34310373981370795 -0.9269571879823743 0.0 0.0 0.0 0.0 0.0 0.0
-0.815534016200986 0.13622989551537923 0.8351212138999765 0.9516836426880262 -0.26679231700526895 0.15205296388761844 0.23747622653722839 0.3256595767940634 -0.9151780602002817 0.0 0.0 0.0 0.0 0.0 0.0
-0.42509245127964307 0.5439253639351961 0.42312969593801353 0.6887981138345922 -0.616616995487994 0.381235674161361 0.6178018492820969 0.22403879847824285 -0.7537423245380657 0.0 0.0 0.0 0.0 0.0 0.0
0.11771507040349491 0.6894882139070914 0.2354586010373753 0.18336782803251844 -0.9812606276078251 0.05919307686996775 0.6031146479466347 0.06483989313074771 -0.7950147858316851 0.0 0.0 0.0 0.0 0.0 0.0
0.521762737731862 0.5898648450340455 -0.027625322845738442 -0.45468824866612295 -0.7901705199285576 -0.4109612463003864 0.6267056538885654 0.043996838182792784 -0.7780130472003813 0.0 0.0 0.0 0.0 0.0 0.0
0.8121695945128675 0.6595907418870552 0.7854952435839967 0.7352129382175742 0.2855322790283646 -0.6147627616490361 0.025222533478414227 0.8948418638414246 0.4456701274729277 0.0 0.0 0.0 0.0 0.0 0.0
1.0623424904124599 0.9620803005400328 0.9875283712921655 0.07932292740582943 0.5286998736144215 -0.8450942650544164 0.10020133419950819 0.8392306534274774 0.5344638462724375 0.0 0.0 0.0 0.0 0.0 0.0
1.6041146378079933 1.1436281101695518 1.2786149828882862 -0.41004906599725494 0.578101961897769 -0.7054487119023815 0.33056216309914005 0.8150855306501608 0.475777504777142 0.0 0.0 0.0 0.0 0.0 0.0
1.874430617515849 1.506202551459654 1.2484894732722858 -0.6471688541740884 0.5843543508571363 -0.4895941858532763 0.44443361772205303 0.8109963855313549 0.3804781492984399 0.0 0.0 0.0 0.0 0.0 0.0
2.350743879271702 1.8277942609945423 0.9844393690366923 -0.854641683034677 0.4866865154371784 0.1808972893972484 0.5173386414066798 0.8280614950184827 0.21604372375805347 0.0 0.0 0.0 0.0 0.0 0.0
2.460894576191594 2.303044533145496 1.0886201768803319 -0.7459969896178074 0.07393571318800479 0.6618323064013649 0.4175936635021881 0.8260947872042064 0.37839520974354096 0.0 0.0 0.0 0.0 0.0 0.0
2.551530804641864 2.917291012970749 1.0573402491693171 -0.5008495144927337 -0.31018308858032506 0.8080446865063609 0.4374471659034119 0.7148655787486128 0.545533849878707 0.0 0.0 0.0 0.0 0.0 0.0
2.461137199655631 3.222274399311263 1.3911246771542614 0.09134410212544754 -0.5900577756158537 0.802177085463158 0.39170193068713804 0.7619447274466059 0.5157614078353344 0.0 0.0 0.0 0.0 0.0 0.0
2.1900609760436014 3.750773762513607 1.7837164791848985 0.40197630037079385 -0.7414063579992684 0.5373375719773092 0.30864440965765194 0.6622555729053383 0.6827563141728544 0.0 0.0 0.0 0.0 0.0 0.0
2.2364483055490334 3.8779251780543165 2.2074352351882287 0.8537155448162048 -0.5206282942005072 0.010767906808696905 0.40362495803403303 0.674655191108181 0.6180026426827064 0.0 0.0 0.0 0.0 0.0 0.0
2.367501173984503 4.061054531580183 2.674931028410425 0.6992000731763752 -0.20083406357193875 -0.6861376950578754 0.6647268787936905 0.5360624845603136 0.520360633845626 0.0 0.0 0.0 0.0 0.0 0.0
2.6329023831885414 4.049116576661187 3.02229836816154 0.42911155941726664 0.5359812036019479 -0.7270401769915393 0.7178514174722599 0.2862234261877025 0.6346380801168806 0.0 0.0 0.0 0.0 0.0 0.0
3.0278454449401266 3.850063835407373 3.159804971824372 0.07709821258715766 0.9968345368621893 -0.019410608816061357 0.7285292298083141 -0.04295352777308605 0.6836666993255934 0.0 0.0 0.0 0.0 0.0 0.0
3.4979785454331993 3.856003463254286 3.037798632308053 -0.2147999032418909 0.494003493688909 0.8425090799453894 0.7785958823088936 -0.4341485395976396 0.4531042900005166 0.0 0.0 0.0 0.0 0.0 0.0
3.258920503461475 3.144083473855721 2.2956306431300564 -0.9092823549479389 0.4161787205706279 -0.0009335547792064801 -0.3261160002018574 -0.713867192354453 -0.6197112118497716 0.0 0.0 0.0 0.0 0.0 0.0
2.886123503169757 2.8283282460671515 2.249479533536823 -0.5838576346725115 0.6653428379130027 -0.46521948634219096 -0.5204004980520144 -0.746521080038466 -0.41459570509765004 0.0 0.0 0.0 0.0 0.0 0.0
2.3598938433406613 2.5354187567148356 2.4332109543426754 -0.010829670365476824 0.520384332906653 -0.8538634927815293 -0.6924280314017288 -0.6198947180211518 -0.3691530304610858 0.0 0.0 0.0 0.0 0.0 0.0
1.9648900367848476 2.32890349847382 2.0222430930578383 0.532774406536387 0.28119147694258 -0.7981746582262877 -0.6815143476396942 -0.4166452690321461 -0.601618578298886 0.0 0.0 0.0 0.0 0.0 0.0
1.34745672266217 2.409468007143518 1.7728873615231915 0.7589678647455491 -0.054892140771265543 -0.6488101672794049 -0.6056956975021931 -0.42528837337452935 -0.6725046628089495 0.0 0.0 0.0 0.0 0.0 0.0
1.1478398685137357 2.222841825154574 1.264745245362761 0.9001559140193156 -0.42890204037204227 -0.07591027743823174 -0.34177979641275696 -0.5872794906705624 -0.733682063704558 0.0 0.0 0.0 0.0 0.0 0.0
0.99229083509431 2.224252385323059 0.6329128334293866 0.8109934039821985 -0.5259135402895612 0.2563291767190513 -0.15534209689503445 -0.6159014919601228 -0.7723562553210458 0.0 0.0 0.0 0.0 0.0 0.0
0.9906237770994756 1.7624911951162243 0.2782147608984895 0.4041654849962615 -0.4991048906636785 0.7665145588006365 0.021976296579481417 -0.8323839614179693 -0.5537634722178587 0.0 0.0 0.0 0.0 0.0 0.0
1.316538239877052 1.5275708481860164 -0.14691170925028635 -0.03827065515983121 -0.5118933485280883 0.8581961061938806 0.0593691232282028 -0.8585127720361974 -0.5093438204767372 0.0 0.0 0.0 0.0 0.0 0.0
1.5520075135008216 1.0772090475072396 -0.15658605306409953 -0.6788560500230636 -0.3161893629766423 0.6627056285316347 -0.17810750597296335 -0.8046198936661222 -0.5664490648176667 0.0 0.0 0.0 0.0 0.0 0.0
1.0425679443531344 0.367622241136417 -0.3261035454332002 -0.8155413308838002 -0.46319844666214516 -0.34689989424912715 0.52765299048009 -0.34913389253490296 -0.7743951489522937 0.0 0.0 0.0 0.0 0.0 0.0
1.4089663955829719 -0.12842323208606374 -0.6612592228934092 -0.9541356938503036 0.006161737357545974 -0.299311060125643 0.2720738447655448 -0.3989519944223628 -0.8756786677434327 0.0 0.0 0.0 0.0 0.0 0.0
1.3109408018314157 -0.47602136651796184 -1.0657027764733504 -0.7591631536503177 0.47436359541113016 -0.445702238594703 0.042783284765310486 -0.6467905814468365 -0.7614666994008034 0.0 0.0 0.0 0.0 0.0 0.0
1.1767985086839279 -1.0108326751905057 -1.3684212398699367 -0.20966655451883917 0.9099864530051835 -0.3577213877632192 0.17740152255808253 -0.3243923574248302 -0.929138470971058 0.0 0.0 0.0 0.0 0.0 0.0
0.9955114659153165 -1.0329028723487519 -1.784836033497691 0.33699271112206713 0.8932639595131262 -0.29751539672012106 -0.01770936482414221 -0.3099497928480185 -0.9505879782066444 0.0 0.0 0.0 0.0 0.0 0.0
0.5220672399624324 -0.9090638941065977 -2.3175114463489086 0.8696124660736598 0.49366972435762824 -0.008022599451011296 0.15607709060718408 -0.29028890103778865 -0.9441251483367392 0.0 0.0 0.0 0.0 0.0 0.0
0.5296541148156845 -0.6452842509978868 -2.8215066623620566 0.9864638738084509 0.07777565425942957 0.1443605668987979 0.15149023195036898 -0.09554728454984486 -0.9838299782171585 0.0 0.0 0.0 0.0 0.0 0.0
0.7708343116537527 -0.4927839085857399 -3.1873757533067226 0.7152557666589399 -0.6888777943310764 0.11771394453794878 0.10958587566125366 -0.0557464640359347 -0.9924128513895043 0.0 0.0 0.0 0.0 0.0 0.0
1.0058033967284963 -0.339942866087501 -3.6008452688424497 0.28197231658266875 -0.956839223235013 0.0703584647360954 0.344474621871632 0.032495147040851685 -0.9382330735511244 0.0 0.0 0.0 0.0 0.0 0.0
1.5702923221413476 -0.23969828598262505 -4.001849025592862 -0.4215772525332827 -0.9048987840880321 0.058573122697102076 -0.00936686999183078 -0.06024850046953856 -0.9981394591627606 0.0 0.0 0.0 0.0 0.0 0.0
1.537935352586679 -0.375502856695625 -4.512385536510918 -0.8176688659648511 -0.5612051237647256 0.12832160648921545 0.0351009082725975 -0.2711943033763904 -0.9618843880917461 0.0 0.0 0.0 0.0 0.0 0.0
1.8028586522657901 -0.8999948638177977 -4.845679737027471 -0.9554367664433091 0.2603532551151394 0.1391286019454832 -0.18789251262495515 -0.17288810544101177 -0.96685371525195 0.0 0.0 0.0 0.0 0.0 0.0
1.4333470298192064 -0.9035314921343038 -5.391021219769899 -0.8243971993814573 0.44985266503777965 0.34351395519020345 -0.43054163693750486 -0.10450109821233582 -0.8965006521668513 0.0 0.0 0.0 0.0 0.0 0.0
0.9533106362996006 -1.1331885419112464 -5.6846442826954675 -0.3476176327271087 0.9100511179964738 0.22576302631425094 -0.448612782246078 0.05004244151037636 -0.8923241146876586 0.0 0.0 0.0 0.0 0.0 0.0
0.4519216658840103 -1.2296020192533457 -5.9176413183845975 0.10397513542704762 0.9811405885759966 0.1629488160793875 -0.6239712745785758 0.1919860441267553 -0.7574966715183289 0.0 0.0 0.0 0.0 0.0 0.0
-0.21467774125381545 -1.1712366459262735 -6.008859914299131 0.5383338335919449 0.823729109196822 -0.1779523483183353 -0.7041817953956803 0.3236546766251739 -0.631961746731533 0.0 0.0 0.0 0.0 0.0 0.0
-0.47423495343194805 -0.8173280112702511 -6.2727126868592 0.7899291948168188 0.3198827513873241 -0.5231509271146596 -0.6091560312318972 0.3122929128273415 -0.7289732959523404 0.0 0.0 0.0 0.0 0.0 0.0
-0.628602175784613 -0.3272951397041559 -6.572407450888316 0.8170555954344768 -0.364032894847728 -0.44710200786620863 -0.3145236846522483 0.36852354924419334 -0.8747944018140694 0.0 0.0 0.0 0.0 0.0 0.0
-0.6828089535884793 0.037223135321280416 -6.926297252876262 0.5311727362855495 -0.7291063606514148 -0.43157784823200923 -0.2499432550185166 0.35187718184967115 -0.9020592098993737 0.0 0.0 0.0 0.0 0.0 0.0
-0.457138893039339 0.4642397205205376 -7.31046909574733 -0.06384743502119847 -0.9696595833336384 -0.2359741458093419 -0.19449697379021433 0.24402320349822526 -0.9500650521626992 0.0 0.0 0.0 0.0 0.0 0.0
-0.4400289582844174 0.29866948422947476 -7.857493934413398 -0.5703442821544991 -0.8210588706283302 0.023869033834661407 -0.3260975329380878 0.1996649567485668 -0.9240099047403582 0.0 0.0 0.0 0.0 0.0 0.0
-0.20210676855429147 0.0841889190092994 -8.438796274555843 -0.8183993898718783 -0.5329676683586251 0.21486717557995644 -0.25033332003030473 -0.0059030413047886175 -0.9681417163752211 0.0 0.0 0.0 0.0 0.0 0.0
-0.32732889175862867 -0.27593038271894793 -8.861532196525008 -0.9630665536272394 0.024312531685389892 0.2681635957537833 -0.2687517450884993 -0.14811053326826318 -0.951754048820848 0.0 0.0 0.0 0.0 0.0 0.0
-0.5298448872974876 -0.8654907255224231 -9.143325164357831 -0.7491074893459894 0.639773245570958 0.1718376083904537 -0.31405286339177324 -0.11460876320392634 -0.942462535272514 0.0 0.0 0.0 0.0 0.0 0.0
-0.8944943684319124 -1.0073249517954845 -9.52136651796196 -0.3308708058189302 0.9224050681408102 0.19923202585146518 -0.3006240292538534 0.09714900916101835 -0.948781989212596 0.0 0.0 0.0 0.0 0.0 0.0
-1.1754402441887768 -0.8668153713704313 -9.936917899350394 0.28512954655564043 0.9551570650193035 0.07985062820469609 -0.3714302608460057 0.18698919950183648 -0.9094364192166104 0.0 0.0 0.0 0.0 0.0 0.0
-1.7403403087579243 -0.6093676625968536 -10.296390731392348 0.8639262183899438 0.503506124688935 0.010633512081241343 -0.12199108474067664 0.22970001160776266 -0.9655858739186209 0.0 0.0 0.0 0.0 0.0 0.0
-1.7123004226344212 -0.23011196877201223 -10.621764205212488 0.9439277865358638 -0.20373455780891306 -0.2597933096904373 -0.12248850898085045 0.5144414100361905 -0.8487323493349503 0.0 0.0 0.0 0.0 0.0 0.0
-1.6314018842451279 0.21843082296313684 -10.917080007043907 0.7712357301260244 -0.5365986009370949 -0.34242866417595735 0.0806176610966826 0.6159215866884987 -0.7836717372538214 0.0 0.0 0.0 0.0 0.0 0.0
-1.4466424043202626 0.5682006730844485 -11.20553729357439 0.1701507280948128 -0.9180600993723282 -0.35807036133876813 0.037785064604242385 0.36912963790513936 -0.9286094977507359 0.0 0.0 0.0 0.0 0.0 0.0
-1.0805509900602641 0.7777138608437034 -11.551209204038507 -0.43530669062574306 -0.8524905553021043 -0.2894269134292347 0.05480343174818232 0.2957607386308107 -0.9536887172202362 0.0 0.0 0.0 0.0 0.0 0.0
-0.7819947464193473 0.8194448520779525 -12.09966027823433 -0.7727621274076286 -0.6234352359174947 -0.1190260520261584 0.043319092487276216 0.1351968086325529 -0.989871344752262 0.0 0.0 0.0 0.0 0.0 0.0
-0.5024873796665885 0.5030486910072787 -12.632704273303592 -0.9849761328055417 -0.1520370356508554 0.08189479589046211 -0.09189582664644012 0.060096619210927946 -0.993953496600512 0.0 0.0 0.0 0.0 0.0 0.0
-0.6664162166392736 0.3424473663614305 -13.02704860295844 -0.8084982133246839 0.578960096822515 0.10552651485791545 -0.18383735736648815 -0.07814718498979926 -0.9798453161161083 0.0 0.0 0.0 0.0 0.0 0.0
-0.8477224700633953 0.1466267511935509 -13.507122172653986 -0.42497999305399375 0.874906024551613 0.23223146579893023 -0.2098719469171569 0.1543516926608291 -0.9654684463357355 0.0 0.0 0.0 0.0 0.0 0.0
-1.1970606362996006 0.14661598966893635 -13.908253111058935 0.19226152163948856 0.9480669562354774 0.2533861752173268 -0.06334328024790928 0.26971562122364595 -0.9608543659240861 0.0 0.0 0.0 0.0 0.0 0.0
-1.5928621742193003 0.3007200438287549 -14.19189559364483 0.756656507512981 0.6482807592232392 -0.08487041215405249 -0.40379514316535275 0.3612178543916339 -0.8405183781600357 0.0 0.0 0.0 0.0 0.0 0.0
-1.823190107223918 0.6932456758237459 -14.438471472176568 0.968271231011703 0.024404167423571488 -0.24870717683139665 -0.24082578949434075 0.35743375066426714 -0.9023547268123007 0.0 0.0 0.0 0.0 0.0 0.0
-1.9828527111926972 1.1864749870150197 -14.765231559549475 0.8495027771803687 -0.48057585680489473 -0.21769675564666097 -0.08964355238594429 0.27529756468982614 -0.9571704573332168 0.0 0.0 0.0 0.0 0.0 0.0
-1.7589379353525862 1.327659074900211 -15.237187915786178 0.4613292804238639 -0.8569850810207598 -0.22967774365715518 0.07760567181368938 0.2968557820665739 -0.9517636284057028 0.0 0.0 0.0 0.0 0.0 0.0
-1.2929017961962899 1.7441447522892695 -15.517008100493074 -0.10613694245193604 -0.9761241122161373 -0.1895169306347386 0.24045263785877746 0.15972792144233033 -0.9574285978904475 0.0 0.0 0.0 0.0 0.0 0.0
-1.0426339809814509 1.5832318325898098 -15.91990123855365 -0.5847780370536447 -0.7330137355559184 -0.34745576821524216 0.4350044019456782 0.07809064167553777 -0.8970356860072991 0.0 0.0 0.0 0.0 0.0 0.0
-0.728606089066291 1.3656726931204504 -16.23475776786413 -0.8956849378167532 -0.16635943445324175 -0.4123991158290672 0.4004307597087227 0.10183189922097725 -0.9106511247344637 0.0 0.0 0.0 0.0 0.0 0.0
-0.5602987790561164 1.066326455740784 -16.68696436957032 -0.8658906078061707 0.40092567426181375 -0.2991522338722714 0.31280636580006177 -0.0327662650747361 -0.9492515732870871 0.0 0.0 0.0 0.0 0.0 0.0
-0.4754637238788447 0.8920337814040854 -17.205605042263443 -0.6102226951737192 0.7922189375939511 -0.004173393395483355 0.14932451406222252 0.10988888930930249 -0.9826630254092442 0.0 0.0 0.0 0.0 0.0 0.0
-0.7722043159939375 0.5495457035724703 -17.678438529459886 -0.023150538830657923 0.9969667528686584 0.07430576173065959 0.25963073243611534 0.07779856278643538 -0.9625690969499547 0.0 0.0 0.0 0.0 0.0 0.0
-0.706393813101667 0.7974509861469825 -18.18284441770368 0.43434357254863715 0.8305868317158146 0.34852715240849147 0.3144343054181227 0.222833664370791 -0.9227546941627056 0.0 0.0 0.0 0.0 0.0 0.0
-0.6548192063864757 1.1788748826015492 -18.571499324958904 0.7635431666501655 0.3527395237566356 0.5409035598346339 0.4874131128031825 0.2345662490175913 -0.8410749861274733 0.0 0.0 0.0 0.0 0.0 0.0
-0.550538254107167 1.6817577038286131 -18.982151878019454 0.7699478303966117 -0.2048091100739777 0.6043455691061659 0.6377441644927642 0.2793435652730386 -0.7178088556126719 0.0 0.0 0.0 0.0 0.0 0.0
-0.16480091495050328 2.036370797324831 -19.091994940505494 0.4869227288138699 -0.8519280719239603 0.19267801232205478 0.6887413433713808 0.23875492845450344 -0.6845666118572178 0.0 0.0 0.0 0.0 0.0 0.0
0.7231630929568502 1.2720273576259762 -18.721633126055636 -0.8911919221795409 0.30041386986076335 -0.3398947846572754 -0.44167931213732514 -0.4034694379206586 0.8013312660154271 0.0 0.0 0.0 0.0 0.0 0.0
0.3248297722470064 1.2362722078735224 -18.172759646239335 -0.6993656707117352 0.20589641280964077 -0.684466453394209 -0.7147607922228942 -0.20131198273579273 0.6697689866721842 0.0 0.0 0.0 0.0 0.0 0.0
0.12794963606480392 1.704555793613524 -17.67188967480629 -0.6499431238862456 -0.3375601303397718 -0.6809016772765248 -0.6908762529337681 -0.11094471172212443 0.7144097382266642 0.0 0.0 0.0 0.0 0.0 0.0
-0.3792593625264146 1.834523215543555 -17.447544904907247 -0.2905816934829593 -0.7275732902933408 -0.6214494240598324 -0.7290509633702661 -0.2522801525358498 0.6362699249888959 0.0 0.0 0.0 0.0 0.0 0.0
-0.8085074743680049 1.8075213273851447 -17.450833528997418 0.11285443097160214 -0.992903689979087 0.0374985311177507 -0.7042455118652942 -0.053291464929139 0.7079535851899446 0.0 0.0 0.0 0.0 0.0 0.0
-1.4468295081004932 1.741646366517962 -17.345808141582527 0.5930130009313418 -0.7696670782770422 0.23653365372159224 -0.5072049413668951 -0.12896885499400815 0.8521209901736602 0.0 0.0 0.0 0.0 0.0 0.0
-1.7525130605776 1.42868777882132 -16.963628492603895 0.8901737807873555 -0.4106772816454556 0.19731905721202936 -0.3384583655479164 -0.30625558114411205 0.8897490959864558 0.0 0.0 0.0 0.0 0.0 0.0
-1.923299679110902 0.9608493955758571 -16.655748610785 0.9130569354735737 0.24478888392757786 0.32619845936039793 -0.2642168913898403 -0.2543185445529484 0.930328711908194 0.0 0.0 0.0 0.0 0.0 0.0
-1.8084277412538154 0.5687918231979338 -16.182642639117162 0.6565950156432524 0.7116221547383542 0.24995378436418794 -0.05269656664374955 -0.2873483125734261 0.956375459286344 0.0 0.0 0.0 0.0 0.0 0.0
-1.4649565625733738 0.536573285982625 -15.88693061751585 0.08128823727016628 0.9007027004667524 0.4267632456683784 -0.0605362019603889 -0.4228785050185121 0.9041621194484534 0.0 0.0 0.0 0.0 0.0 0.0
-1.1053953481753431 0.32461383024895596 -15.450578809935465 -0.4305247053206096 0.8532081107177731 0.2944221423636655 0.05659249808264239 -0.29994680056964834 0.9522758035300475 0.0 0.0 0.0 0.0 0.0 0.0
-0.9776708147452451 0.4586131329733114 -14.945002739297173 -0.8184880432128643 0.5283115104623268 0.22575267668533025 0.2417575278803849 -0.03975890066126328 0.9695218035358322 0.0 0.0 0.0 0.0 0.0 0.0
-0.5982660604637595 0.8705948899656342 -14.572794154268678 -0.9768043677194611 -0.05171536885670695 0.20779496583940357 0.20601137563932176 0.03612189813325433 0.9778826727079507 0.0 0.0 0.0 0.0 0.0 0.0
-0.6485374999110617 1.1543718471401025 -14.04206777803866 -0.8613956638773036 -0.506681367959038 0.03565812132652348 0.04582723958247199 -0.007698236241640361 0.9989197171299696 0.0 0.0 0.0 0.0 0.0 0.0
-0.9709879079596149 1.320196935900446 -13.483887062690771 -0.3387494431280983 -0.9089901081295283 -0.24286992012818626 0.0030873217521182107 -0.25924883582248154 0.9658056272196218 0.0 0.0 0.0 0.0 0.0 0.0
-1.424569716891858 1.2218012479811025 -13.170405629433567 0.28470468702429036 -0.9392454297830849 -0.19173227119603312 -0.14961867648831403 -0.2410560784981041 0.9589088688008892 0.0 0.0 0.0 0.0 0.0 0.0
-1.7649149394864354 0.9257935067984373 -12.775473684959477 0.8456716299204095 -0.5114362098370506 -0.15255326156877205 0.0017297972808956509 -0.2830310859640898 0.9591091763607285 0.0 0.0 0.0 0.0 0.0 0.0
-1.7426405846442827 0.6465316095327541 -12.333723438600611 0.9429269977978929 -0.19700244701972142 -0.26847478967697175 0.13260806215356055 -0.5177331547821205 0.8452026279486063 0.0 0.0 0.0 0.0 0.0 0.0
-1.7908179737027474 -0.0165128257806997 -12.078726667057994 0.8912949128566284 0.45115158034065894 -0.045339054599993496 0.2774292840464973 -0.4635064557819045 0.8415430813701372 0.0 0.0 0.0 0.0 0.0 0.0
-1.4762997431464207 -0.38006858915522923 -11.920770276135382 0.42494338811515364 0.8177733040177373 0.388162260057733 0.22807102517432537 -0.5116521751074161 0.82836927706415 0.0 0.0 0.0 0.0 0.0 0.0
-0.9914370281827428 -0.6307605285064781 -11.603730424697787 -0.2072371578404583 0.8883192765809912 0.4098068121259499 0.17853977633794876 -0.37753536846656083 0.9086201592645924 0.0 0.0 0.0 0.0 0.0 0.0
-0.5906572845738437 -0.5104924864991781 -11.150060900446112 -0.7281810325522191 0.6367619431464829 0.25354804592325164 0.18222612750286388 -0.17674781158329994 0.9672403266798921 0.0 0.0 0.0 0.0 0.0 0.0
-0.3995252700164357 -0.23457677858652262 -10.752835906316037 -0.986802571362729 0.008579270134697708 0.16170059145180046 0.1612103878471963 -0.045327772120081225 0.9858785949217006 0.0 0.0 0.0 0.0 0.0 0.0
-0.517129167644987 -0.1004086933552477 -10.227852048602955 -0.7748842312149473 -0.6320994290688073 0.0021771507315803606 0.03707839551563008 -0.041929682055842736 0.9984323183614813 0.0 0.0 0.0 0.0 0.0 0.0
-0.7728909190519898 0.29078173137811547 -9.724618810789272 -0.473681731864009 -0.8786544068395855 -0.05993371538365761 -0.12756712735480324 0.001113927514650069 0.9918293135332992 0.0 0.0 0.0 0.0 0.0 0.0
-1.08257024340612 0.25793613524301473 -9.276504656805196 0.35013343672641845 -0.9348257672516223 -0.059222980071615854 0.04926251266959026 -0.0446288169831578 0.9977882909416016 0.0 0.0 0.0 0.0 0.0 0.0
-1.3015599319088986 0.17125865813571262 -8.870351755106833 0.7593130976688373 -0.6403189762950298 -0.1159104322528389 -0.010116582338585601 -0.18979960775519505 0.9817707286621254 0.0 0.0 0.0 0.0 0.0 0.0
-1.6097345327541674 -0.3297025416764499 -8.448289651326604 0.9811526013660824 0.0238759568393267 -0.19175377836584115 0.19235211202036331 -0.21307946313993714 0.9579132567144595 0.0 0.0 0.0 0.0 0.0 0.0
-1.3061595053611958 -0.4251702277529936 -8.030077482977225 0.8060086653529552 0.5692851228010629 -0.1620631985779833 0.36379182455092846 -0.26058548854599217 0.8942878236614613 0.0 0.0 0.0 0.0 0.0 0.0
-1.0675717019929274 -0.7696500103168334 -7.708613488726192 0.6270350021931845 0.7540105237808454 -0.1956916862115719 0.6201568483782416 -0.3311991218913262 0.711134744663753 0.0 0.0 0.0 0.0 0.0 0.0
-0.6808405729044376 -0.8423573608828362 -7.387489238475385 0.09189137824408257 0.9932165765678778 0.07125171320879164 0.6540582032848616 -0.1141189933581071 0.7477865484686863 0.0 0.0 0.0 0.0 0.0 0.0
0.03969134880146855 -0.8724946103438704 -7.37107515635339 -0.4509410647247635 0.7915276080199887 0.41247569854120114 0.39507641792414805 -0.23742231446674814 0.8874374730613286 0.0 0.0 0.0 0.0 0.0 0.0
0.4703871302838197 -0.7336549339366902 -7.11837321323116 -0.800239599859395 0.3502681962986991 0.48675329837457826 0.43788636238342044 -0.21324656803510225 0.8733735940935393 0.0 0.0 0.0 0.0 0.0 0.0
0.6686055198616829 -0.40644410766505157 -6.723423481113079 -0.8869343202860489 -0.2111837297354783 0.410790632553539 0.4357956219227535 -0.08769365141400699 0.8957633612816719 0.0 0.0 0.0 0.0 0.0 0.0
0.6801075663301244 -0.31325942122563977 -6.2987533752054485 -0.6189118760821812 -0.706731679079477 0.34275125591299843 0.4290348574087995 0.06124002480809478 0.9012096040820443 0.0 0.0 0.0 0.0 0.0 0.0
0.46021293143930503 0.08424439422399622 -5.705425275886358 -0.04420713264263508 -0.9979247242113877 -0.046818524444309534 0.3494423179574633 -0.05930299763594817 0.9350792591496755 0.0 0.0 0.0 0.0 0.0 0.0
0.4223853942097661 -0.05804463987135971 -5.220033156168399 0.3674544435521958 -0.8904421957827349 -0.2684956757256395 0.27435424510056505 -0.17218214279918687 0.9460882928650896 0.0 0.0 0.0 0.0 0.0 0.0
0.29627700164357823 -0.4751702277529938 -4.7773061458088755 0.8388194312954319 -0.4075651450701619 -0.3609329774419988 0.3853705995036901 -0.02362361944108224 0.9224594439012858 0.0 0.0 0.0 0.0 0.0 0.0
0.5654166177506457 -0.7376034573843624 -4.483714633716834 0.9007519234587748 -0.00344698621263179 -0.43432026279160363 0.4121237179334263 -0.3089129875967277 0.8571620658958221 0.0 0.0 0.0 0.0 0.0 0.0
0.6208599258610998 -1.291728034038435 -4.16662041879229 0.804272253928276 0.5397286643701592 -0.2486747080391063 0.4474366459941098 -0.2748262718386143 0.8510411083660001 0.0 0.0 0.0 0.0 0.0 0.0
1.0011776532049776 -1.4197141347734208 -3.7718030934491664 0.21388062770526572 0.9696284606315901 -0.118641162442106 0.3559560423616549 0.03577504152957846 0.9338176708061294 0.0 0.0 0.0 0.0 0.0 0.0
1.4858125751527957 -1.5144186642190869 -3.356845041160608 -0.2810680754380724 0.9476009400483586 -0.1518327875954503 0.11561037368205981 0.190550614535887 0.9748459902964624 0.0 0.0 0.0 0.0 0.0 0.0
1.8292777505033904 -1.170515912826314 -2.9352209581136552 -0.8297438168912551 0.5380355472571924 -0.14846867756663273 -0.04159257730779708 0.20574086280971401 0.9777222278762048 0.0 0.0 0.0 0.0 0.0 0.0
1.758258247241136 -0.7694661305470768 -2.5169273890584636 -0.9868502060773814 0.049533021926664034 -0.1538608153619449 -0.11088504218237033 0.48535908776501213 0.8672549010205299 0.0 0.0 0.0 0.0 0.0 0.0
1.6891582531110587 -0.27844711199812167 -2.2790781286687007 -0.7920121785456229 -0.5789944700433177 0.19360297697781886 -0.03878757497780402 0.36398608050153697 0.9305963986758545 0.0 0.0 0.0 0.0 0.0 0.0
1.3644154624431686 0.23899834219158003 -1.9609739090837937 -0.322020919272896 -0.942914587389796 0.0849388511705317 -0.23702278587705022 0.1671078012625051 0.9570241280826169 0.0 0.0 0.0 0.0 0.0 0.0
1.0169092901307037 0.2600101745323628 -1.6509822337011815 0.27152658896402065 -0.9245902090830356 0.2672194917167389 -0.39682801865036427 0.1454056328976621 0.9063027780690384 0.0 0.0 0.0 0.0 0.0 0.0
0.2926743366987556 0.13455696759802768 -1.4664533928152144 0.7204496185394242 -0.5704647678647228 0.3943631521471626 -0.401665834100606 0.1202650483670607 0.9078550962887927 0.0 0.0 0.0 0.0 0.0 0.0
0.20567425843312204 0.06746888941065977 -1.014917429756594 0.912576442738814 0.07950272647655744 0.4011029202598328 -0.4071861617563198 0.08585112300970092 0.9093013880733546 0.0 0.0 0.0 0.0 0.0 0.0
0.03507083039837204 -0.36057760037567504 -0.5928895671910465 0.7877999422125376 0.5190452744264896 0.3316070779483646 -0.3246802325237372 -0.10752567689961015 0.9396919577263672 0.0 0.0 0.0 0.0 0.0 0.0
