t = 0
b = 76.458195 76.458195 76.458195
E = 0.000000 0.000000 0.000000
0.6526899393315104 1.1919805497277116 -18.78407395344962 -0.8911438658810605 0.3005771194826373 -0.33987645629857705 -0.4416907982217482 -0.40321763728258814 0.8014516677570034 0.0 0.0 0.0 0.0 0.0 0.0
0.25434765594427483 1.156218204586366 -18.235203881975426 -0.6994889380524593 0.20564759440947125 -0.6844152923889417 -0.7146194955156896 -0.20159725717136104 0.6698339514610211 0.0 0.0 0.0 0.0 0.0 0.0
0.057462872740079815 1.6245083939891996 -17.734334644282697 -0.6499840330012973 -0.33739486820641246 -0.6809445350036565 -0.6908783155575698 -0.11077942395872611 0.714433392500454 0.0 0.0 0.0 0.0 0.0 0.0
-0.44972778234327304 1.754479484620803 -17.50997886827894 -0.29071874505037987 -0.7274495346000843 -0.6215301970833381 -0.728868919172774 -0.2524628938035842 0.6364059914207537 0.0 0.0 0.0 0.0 0.0 0.0
-0.8789817641073803 1.7274712373796666 -17.513269938170136 0.11269660888289192 -0.9929145492819108 0.037685171760209184 -0.7043755646138459 -0.053065451611955104 0.707841169910415 0.0 0.0 0.0 0.0 0.0 0.0
-1.51731994012679 1.6615916294904904 -17.408238436252642 0.5930226274782155 -0.7696240200008156 0.23664959568234553 -0.5073118587954563 -0.12895405241512567 0.8520595814209333 0.0 0.0 0.0 0.0 0.0 0.0
-1.8229814803944586 1.3486293730922752 -17.026073462080298 0.8900280827952934 -0.4109687416470407 0.197369463759676 -0.3386462769688385 -0.3063165294962915 0.889656609514307 0.0 0.0 0.0 0.0 0.0 0.0
-1.993767209545561 0.8808014400876573 -16.718179683664538 0.9131403490346213 0.2444377744143803 0.32622825966533675 -0.26432048119856566 -0.25429710549064316 0.9303051463675988 0.0 0.0 0.0 0.0 0.0 0.0
-1.8789034984738195 0.48874809227518196 -16.245065596384123 0.6564582556047299 0.7116761139903512 0.2501592841051236 -0.05263602403752699 -0.287531638309827 0.9563236930790682 0.0 0.0 0.0 0.0 0.0 0.0
-1.5354359884949516 0.4565222176567269 -15.949375586992248 0.0811142654554713 0.9007857130222752 0.42662111428593247 -0.060528481848060846 -0.422684544938987 0.9042533264273295 0.0 0.0 0.0 0.0 0.0 0.0
-1.1758806662539933 0.24457298981835252 -15.513013440343794 -0.43017554139386666 0.8534428818191684 0.2942520196339978 0.05674970882818826 -0.2997274914603005 0.9523354983464764 0.0 0.0 0.0 0.0 0.0 0.0
-1.0481451044846208 0.37857086953118874 -15.007439148469908 -0.818657992777372 0.5281259256343283 0.2255706043229224 0.2417863041050376 -0.0394670686719957 0.9695265512804001 0.0 0.0 0.0 0.0 0.0 0.0
-0.6687442634848129 0.7905433769486363 -14.635228784677013 -0.9768043677194609 -0.05171536885670714 0.20779496583940363 0.2061273811958107 0.036322825922971196 0.977850783626176 0.0 0.0 0.0 0.0 0.0 0.0
-0.7189979152881241 1.0743096615367105 -14.104498850918196 -0.8614828636629869 -0.5065459490935595 0.03547502039357728 0.04584092555533179 -0.007939353148628429 0.9989172018820238 0.0 0.0 0.0 0.0 0.0 0.0
-1.0414673338811926 1.2401458675745478 -13.546324694764031 -0.33873409157601386 -0.9089489142345355 -0.24304544125745628 0.0032039805556564687 -0.25936079456818345 0.9657751874787214 0.0 0.0 0.0 0.0 0.0 0.0
-1.4950479199129114 1.1417497349641044 -13.2328402598419 0.284522924064683 -0.9392617001111686 -0.19192228736121247 -0.14947765476322647 -0.24125784688343163 0.9588801187028837 0.0 0.0 0.0 0.0 0.0 0.0
-1.8354002575650847 0.8457491088390359 -12.837904757839015 0.8455100985952774 -0.5117118967210543 -0.1525241224447639 0.0016838792767572073 -0.2832333289570983 0.9590495534217517 0.0 0.0 0.0 0.0 0.0 0.0
-1.813120010565861 0.566476872505283 -12.396153733270719 0.9429068772206881 -0.19703614944423084 -0.26852071931625854 0.13245142214253852 -0.5178878035734987 0.8451324415038367 0.0 0.0 0.0 0.0 0.0 0.0
-1.8612900622211783 -0.09656756280817091 -12.141175305235972 0.8912582529730194 0.45122513895808586 -0.0453277010197681 0.2775230190557495 -0.46351232940136144 0.8415089389822938 0.0 0.0 0.0 0.0 0.0 0.0
-1.5467815036962722 -0.4601272172298233 -11.983208464072517 0.4246373324795103 0.8179030414513 0.38822384090804996 0.2280888028545563 -0.5116076672858604 0.8283918715117233 0.0 0.0 0.0 0.0 0.0 0.0
-1.061904558617402 -0.7108191565810725 -11.666182842750114 -0.2070584655863174 0.8883536332368783 0.40982266182323024 0.17858044446417057 -0.37754274919486547 0.9086091004306318 0.0 0.0 0.0 0.0 0.0 0.0
-0.6611440478985676 -0.5905362174219299 -11.21250953862409 -0.7280600830166266 0.6368427167355272 0.2536924706386372 0.18248821734143433 -0.17656892270480562 0.9672235863885917 0.0 0.0 0.0 0.0 0.0 0.0
-0.4700083646395866 -0.31462784691242074 -10.815266200986146 -0.9867943482795477 0.008395867966076559 0.1617603894797452 0.16114145179989328 -0.045506859433335455 0.9858816147268075 0.0 0.0 0.0 0.0 0.0 0.0
-0.5875939187602722 -0.18045976168114577 -10.290263999765203 -0.7750291517891945 -0.6319217329355379 0.002176538689789536 0.036836671921522075 -0.041857036289985765 0.9984443139778828 0.0 0.0 0.0 0.0 0.0 0.0
-0.8433762371306395 0.21072310330352126 -9.787064113784002 -0.47353689606346994 -0.8787321107550031 -0.05993901562948189 -0.12756407570181838 0.0011157149385835916 0.9918297040170336 0.0 0.0 0.0 0.0 0.0 0.0
-1.1530406198638177 0.1778821319558582 -9.338933239414574 0.3501371524941023 -0.9348356880275644 -0.059044143091010935 0.049255978981660314 -0.04464390545951029 0.9977879385119267 0.0 0.0 0.0 0.0 0.0 0.0
-1.3720356891289032 0.09121125851138764 -8.932800393284808 0.7593358753173833 -0.640281302131866 -0.11596931747796735 -0.010040068095530305 -0.18981527673572077 0.9817684848019818 0.0 0.0 0.0 0.0 0.0 0.0
-1.6802176273773184 -0.4097536100023479 -8.51071627729514 0.9811832928763552 0.024063240452671022 -0.1915732398828957 0.19227240602489387 -0.212987098272798 0.9579497992330975 0.0 0.0 0.0 0.0 0.0 0.0
-1.3766494482272833 -0.5052242310401502 -8.092517805431635 0.8060480793149181 0.5691862216355568 -0.16221448435010502 0.3639705510949561 -0.2605474601227229 0.8942261788603776 0.0 0.0 0.0 0.0 0.0 0.0
-1.1380392324275865 -0.8497050808626293 -7.771044561605727 0.6272823844400962 0.7538966912726018 -0.1953371164407074 0.6200293727012298 -0.33161420525360713 0.7110524564768326 0.0 0.0 0.0 0.0 0.0 0.0
-0.751310949362135 -0.9223917977616027 -7.44992173436644 0.09187500078021821 0.9932190025752113 0.07123901427684994 0.654077280336162 -0.11410717585454638 0.7477716655280203 0.0 0.0 0.0 0.0 0.0 0.0
-0.030793969277181303 -0.9525496808896667 -7.433520459348117 -0.45087442342681866 0.7915973313994662 0.4124147417597697 0.3950992275512646 -0.23737356499520745 0.8874403591396215 0.0 0.0 0.0 0.0 0.0 0.0
0.39991959984916076 -0.8136993318960917 -7.180804286110695 -0.8001145395292771 0.3504001378199844 0.48686391019420266 0.4381706533321284 -0.21297546276761573 0.8732971606603422 0.0 0.0 0.0 0.0 0.0 0.0
0.5981344318982261 -0.48649562068204943 -6.785858111521412 -0.8869692812506373 -0.21100532375015177 0.4108068250002931 0.4357518573521517 -0.08754918256054024 0.8957987829011218 0.0 0.0 0.0 0.0 0.0 0.0
0.609639146513266 -0.39330682084996477 -6.3611800011739845 -0.6190237999126033 -0.7066523155508763 0.3427127661298106 0.4289339841358011 0.06126677497252058 0.9012558013892921 0.0 0.0 0.0 0.0 0.0 0.0
0.38972616811458083 0.004189657196525 -5.767877582765906 -0.04476560221152586 -0.9978998826319296 -0.04681735897955365 0.3494462079713577 -0.05947657097492734 0.9350667811656571 0.0 0.0 0.0 0.0 0.0 0.0
0.3519143062463091 -0.1381103830035504 -5.282467786576732 0.3674360172783684 -0.8903975439027124 -0.2686689171054735 0.27457171873913616 -0.17218920969835635 0.9460239147781054 0.0 0.0 0.0 0.0 0.0 0.0
0.2257902383188542 -0.5552249647804648 -4.839740109180557 0.838881967420303 -0.40731841192662116 -0.3610661380448423 0.3855120725536322 -0.02377610771083062 0.922396410778753 0.0 0.0 0.0 0.0 0.0 0.0
0.4949335231274947 -0.817636182202395 -4.546155934491664 0.9006466895997932 -0.0034472778207892394 -0.4345384410941796 0.4123546353247119 -0.3090195724809372 0.857012577824808 0.0 0.0 0.0 0.0 0.0 0.0
0.5503888378976427 -1.3717831045842317 -4.2290586067294225 0.804140334880759 0.5398907821969983 -0.24874940224365208 0.4475512713260315 -0.27455290663316384 0.8510690694613066 0.0 0.0 0.0 0.0 0.0 0.0
0.9306908898802534 -1.499765203099319 -3.834233388119276 0.21374510787030035 0.9696552261959963 -0.11866663883461541 0.3560313608284035 0.035803725850996275 0.9337878577717006 0.0 0.0 0.0 0.0 0.0 0.0
1.4153379296605402 -1.5944523895920935 -3.4192725565113444 -0.2810987981044204 0.9476351912192178 -0.15156190176679193 0.11569325330391365 0.19023702004475446 0.9748974034966182 0.0 0.0 0.0 0.0 0.0 0.0
1.7588137775975297 -1.2505709833721101 -2.9976698186371817 -0.8296956199148928 0.5380699317269849 -0.14861334686144329 -0.04153392610169877 0.20592454161523277 0.9776860519323853 0.0 0.0 0.0 0.0 0.0 0.0
1.6877898274242777 -0.8495282049776942 -2.5793613524301473 -0.9868226416330976 0.04953163838312857 -0.1540379523343446 -0.11100492951755324 0.48520145677876547 0.8673277650130699 0.0 0.0 0.0 0.0 0.0 0.0
1.618675158487908 -0.3584981803240197 -2.341519429443531 -0.7920121785456229 -0.5789944700433179 0.19360297697781903 -0.03870855981691053 0.3639706910206689 0.9306057078456146 0.0 0.0 0.0 0.0 0.0 0.0
1.2939479320085094 0.15895038670338038 -2.023408539492127 -0.3221933274596552 -0.9428728256076 0.08474841869448577 -0.23685163310473362 0.16700771785820964 0.9570839702301012 0.0 0.0 0.0 0.0 0.0 0.0
0.9464310871096501 0.17996399780856226 -1.7134264694372698 0.2715396068153032 -0.9246345368885934 0.26705283208273034 -0.3969717340763868 0.14523984258273798 0.9062664235592798 0.0 0.0 0.0 0.0 0.0 0.0
0.22220224818032394 0.05452424277999529 -1.528880018783752 0.7206689841076775 -0.5703041895980249 0.3941945543410616 -0.4016237902850266 0.12012155238098833 0.9078926939515872 0.0 0.0 0.0 0.0 0.0 0.0
0.1351999686937466 -0.01258511387649686 -1.077357752211004 0.9125333893432238 0.07969410402604081 0.401162888509462 -0.40723562198112234 0.08574375265398919 0.9092893692716637 0.0 0.0 0.0 0.0 0.0 0.0
-0.048999178210847615 -0.4784317034515145 -0.6594307642639117 0.7876041629480315 0.5192256665042195 0.3317896769795282 -0.32470144588288213 -0.10780719416939763 0.9396523718518927 0.0 0.0 0.0 0.0 0.0 0.0
0.11600801244423574 -0.7401752171871331 -0.24283502582765906 0.1708902255726672 0.9719847982899517 0.16137559510956018 -0.2476435911456153 -0.11618337326770803 0.9618596963906118 0.0 0.0 0.0 0.0 0.0 0.0
0.06170071221726539 -0.6679737027471239 0.3265281364952649 -0.2004432459168106 0.9726073347082486 -0.11771778811228989 -0.23700913760885906 0.06844129221273479 0.9690936271641435 0.0 0.0 0.0 0.0 0.0 0.0
0.2987460378023009 -0.5385140291148156 0.8252524066682321 -0.6708345496883646 0.6900686482187858 -0.2716362783022672 -0.21507605059280727 0.16962876060800397 0.9617527624270142 0.0 0.0 0.0 0.0 0.0 0.0
0.3868755869922516 -0.19964340220709084 1.1661701690537685 -0.9692021440692407 -0.11230552736406968 -0.21916813740839441 -0.239884068042139 0.23005470287045607 0.9431492286943465 0.0 0.0 0.0 0.0 0.0 0.0
0.24245910620646477 0.04325741566877986 1.6258080926665102 -0.805968607119222 -0.5100998998307988 -0.3003542850217228 -0.4652025605769007 0.2322975853085471 0.8541805485332205 0.0 0.0 0.0 0.0 0.0 0.0
-0.1268013324724114 0.42825487203568907 1.904885243014792 -0.3706513412510312 -0.9263562155789355 -0.06694583696604524 -0.4594544210225647 0.12015093488384643 0.8800371514029153 0.0 0.0 0.0 0.0 0.0 0.0
-0.5506965641386867 0.6413673006182985 2.047366361430696 0.1814281743711954 -0.9344179069740991 0.3065077367220588 -0.4494872840577902 0.19847327588042157 0.8709589773529208 0.0 0.0 0.0 0.0 0.0 0.0
-1.0766362853707299 0.6159114033028098 2.3944303329135455 0.5244746311504169 -0.8140652872252817 0.24944752837912346 -0.358332337225541 0.05471743030820058 0.9319892375553208 0.0 0.0 0.0 0.0 0.0 0.0
-1.2333184139469355 0.45158414533928154 2.8314268314158237 0.920229460008662 -0.31744560516758497 0.22892363069799565 -0.22386951405261846 0.05270088160437779 0.9731932273479741 0.0 0.0 0.0 0.0 0.0 0.0
-1.4132168642873912 -0.091009479924865 3.2606208910542374 0.9717486614814743 0.22191151547936183 0.08037299426185374 -0.03849030945094356 -0.1873256985406237 0.981543467577793 0.0 0.0 0.0 0.0 0.0 0.0
-1.2355086287861 -0.4936017844564452 3.6432261094153553 0.684713969492198 0.7149301675466074 0.1415684834771394 0.09578540217979914 -0.28090814538717623 0.954942810111889 0.0 0.0 0.0 0.0 0.0 0.0
-0.9247585994364873 -0.44153190302888 4.161620979103075 0.14313899143921568 0.9894550815075825 0.02213302529225009 0.21598918511306053 -0.05304286753440134 0.9749539097403138 0.0 0.0 0.0 0.0 0.0 0.0
-0.46791109024027544 -0.5264288814417953 4.503561086326995 -0.32360337316241167 0.9381323408932232 0.12324190784027285 0.26007348123868634 -0.03711056141339292 0.9648754274972358 0.0 0.0 0.0 0.0 0.0 0.0
-0.3441731235814353 -0.3264929169601628 4.957932221961337 -0.8847879446817818 0.4633919823870914 0.04917482694580433 0.10430197220481474 0.09401735204571532 0.990091832159269 0.0 0.0 0.0 0.0 0.0 0.0
-0.21967989355873838 -0.11048368161540266 5.382679815293104 -0.9938342829652042 -0.10803326802908139 0.024944558564852316 -2.78403443573415e-05 0.22518374664798438 0.9743163138685976 0.0 0.0 0.0 0.0 0.0 0.0
-0.2448564803944587 0.4362563101667059 5.69412567504109 -0.8161196832875399 -0.5756675068857939 -0.050552784953352733 -0.2966894360733752 0.3423484782889426 0.8915003633962849 0.0 0.0 0.0 0.0 0.0 0.0
-0.6301842088411707 0.699331896091699 5.9966594804584945 -0.3085014602766887 -0.9413776399847382 0.13651002873018286 -0.21568430949362652 0.20899751420182794 0.9538345337089208 0.0 0.0 0.0 0.0 0.0 0.0
-0.9150989081944121 0.5929245421460437 6.388310049307348 0.4271471501712686 -0.8862305358693614 0.1792784130710337 -0.14908196831992163 0.12657102531887612 0.9806907475201274 0.0 0.0 0.0 0.0 0.0 0.0
-1.0338877964310869 0.4671357713078187 6.920587285747828 0.648104864151909 -0.750952739319592 -0.12660990629108107 -0.043380919586699034 -0.20249173219242125 0.9783226432059748 0.0 0.0 0.0 0.0 0.0 0.0
-1.4194206386475698 -0.004930734914299117 7.196495656257336 0.9968383319740144 -0.05819864513021939 0.05409489451206408 -0.06479126611502169 -0.2026291856051478 0.9771097712008651 0.0 0.0 0.0 0.0 0.0 0.0
-1.3177904900140165 -0.409652998641024 7.656228877172761 0.849010041350977 0.5267335224656051 0.041638275614969654 0.11325158747128579 -0.25846544891643186 0.9593589993592915 0.0 0.0 0.0 0.0 0.0 0.0
-0.9658121482493401 -0.6337239499953751 8.112730972557221 0.40722752602727036 0.9132277990827045 -0.013443549690036841 0.2732949235591013 -0.10782364424834996 0.9558681637641409 0.0 0.0 0.0 0.0 0.0 0.0
-0.6094584018157627 -0.644595758002661 8.490662909916253 -0.15253931593620604 0.9778667441604548 0.14320749896128296 0.2140136838913982 -0.10883002051318301 0.9707492826380728 0.0 0.0 0.0 0.0 0.0 0.0
-0.0203028168513024 -0.6121617679495115 8.751271816545353 -0.6052344376587816 0.7775451674425742 0.1706305601542624 0.3338341931862318 0.05338610078151967 0.941118831871429 0.0 0.0 0.0 0.0 0.0 0.0
0.2284253666033426 -0.262912050773051 9.076689648302699 -0.9265009931361218 0.1643129532365552 0.33852202752030996 0.35881400267173136 0.11579642410848542 0.9261985206479109 0.0 0.0 0.0 0.0 0.0 0.0
0.1988964545667997 -0.14423573608828363 9.655541206856071 -0.8991870190234958 -0.4273381820947992 0.09404670618129993 0.15526428460858357 -0.11077717193114106 0.9816422057470447 0.0 0.0 0.0 0.0 0.0 0.0
0.03666500352195351 0.24740622798779058 10.216798250763093 -0.5473197290138208 -0.8306798750165454 -0.1020394995809674 0.07509610981092174 -0.17008574722463643 0.9825636940587125 0.0 0.0 0.0 0.0 0.0 0.0
-0.29932569265085696 0.19229132425451984 10.660223203803708 0.10389747622984769 -0.977046643612104 -0.18597088653708815 0.07387688184529982 -0.1789515198705144 0.9810803024548237 0.0 0.0 0.0 0.0 0.0 0.0
-0.46591887411328586 -0.03294271667129143 11.190783154389631 0.4396656782173688 -0.8354581358907539 -0.32970258502415106 0.06360659434294676 -0.337226726767142 0.9392722373784989 0.0 0.0 0.0 0.0 0.0 0.0
-0.6350903968067622 -0.4708421382171089 11.434734288174065 0.9429484897930076 -0.3169484265273034 -0.10194037727491934 -0.04392484945561736 -0.4218106527891765 0.9056193354792454 0.0 0.0 0.0 0.0 0.0 0.0
-0.7467893302596285 -1.1041324254519842 11.627124734074723 0.9459518536058384 0.31550397327686336 0.07504887411674256 0.08573640393724373 -0.4666630774070291 0.880269754805259 0.0 0.0 0.0 0.0 0.0 0.0
-0.5013803211736998 -1.4645812432851644 11.988605235259381 0.6517719230446775 0.7505365599082217 0.10903317188716254 0.23032589345235727 -0.33286517370162244 0.9144127946075351 0.0 0.0 0.0 0.0 0.0 0.0
-0.22622681380605777 -1.601350082178915 12.349342568678095 0.1866027970556243 0.9428824024301017 0.2759568287226412 0.28198434398689787 -0.32043541222462685 0.9043262554734947 0.0 0.0 0.0 0.0 0.0 0.0
0.20228486733975112 -1.6496756867809346 12.70403483799014 -0.5131000882732106 0.7905152350093276 0.33438594861652116 0.3487691380301426 -0.16385462523711458 0.9227739431443196 0.0 0.0 0.0 0.0 0.0 0.0
0.5285082570243407 -1.5578265633560302 13.092443453079754 -0.8835002658153668 0.30078132145166664 0.35910705502672213 0.351802021524751 -0.08030488837262544 0.9326234301981474 0.0 0.0 0.0 0.0 0.0 0.0
0.8269363406903028 -1.1881493601784456 13.52901942944353 -0.9292624296572446 -0.2986850144924478 0.2173904297460234 0.2385336811699716 -0.03592009171722749 0.9704696955384687 0.0 0.0 0.0 0.0 0.0 0.0
0.77813471650053 -0.673589617707955 14.009612442812724 -0.7156490079093332 -0.6908104593571563 0.10308931429174234 0.04248979365760985 0.10427300145359532 0.9936406586904504 0.0 0.0 0.0 0.0 0.0 0.0
0.43640917273225327 -0.44843717759895274 14.400218432268206 0.02184941420420045 -0.9903200301271401 0.13707239338361868 0.145137973032974 0.13879596867328578 0.9796278108873411 0.0 0.0 0.0 0.0 0.0 0.0
0.4174688894106598 -0.535465338107537 14.930922018079361 0.40065328710331305 -0.9081353592242134 -0.12152001012186915 0.08144277415573695 -0.09682733551743986 0.9919634779740687 0.0 0.0 0.0 0.0 0.0 0.0
-0.032633100493073504 -0.8787200633951632 15.364885389762858 0.9161123791012366 -0.3645049050628824 -0.1669559314387221 0.10667981718999973 -0.18004666185790014 0.9778561326484255 0.0 0.0 0.0 0.0 0.0 0.0
0.08419670110354542 -1.2108402794083117 15.734077835172572 0.9832217854942963 0.181984028575527 -0.012519339951848512 0.09174438782321456 -0.4340607967501615 0.8961998616533917 0.0 0.0 0.0 0.0 0.0 0.0
0.1918148377411115 -1.7406312479099517 15.983393455570024 0.7939289320698901 0.6074405701752694 -0.02632118020734716 0.4092239810297163 -0.501921455832537 0.7619780741761123 0.0 0.0 0.0 0.0 0.0 0.0
0.5415512248571651 -1.9844681850199577 16.424548015966185 0.2691718756111989 0.9501767209075315 0.157196375356941 0.46389352988466404 -0.27090086491191284 0.8434545123011222 0.0 0.0 0.0 0.0 0.0 0.0
0.9447014166079671 -2.1638295374501046 16.738154496360647 -0.4009673599010565 0.89203571114962 0.20856046204342824 0.5101676322284623 0.02828621385637689 0.8596097237305286 0.0 0.0 0.0 0.0 0.0 0.0
1.5885074254519842 -1.876981098849495 16.954280640995538 -0.7676347234795392 0.5163579379322876 0.37962008803909103 0.47815224741682133 0.06694066170104493 0.8757222025855398 0.0 0.0 0.0 0.0 0.0 0.0
1.817975481511523 -1.5245825239955315 17.278444221505968 -0.909175660923445 -0.0029876382367580875 0.41640207924815087 0.4100889957070436 0.16535255523409825 0.8969311835796228 0.0 0.0 0.0 0.0 0.0 0.0
1.746217568678093 -1.2467752113172106 17.763886035454334 -0.7188757369267186 -0.6061998579182651 0.34020494869702106 0.1954211532768692 0.2933201184507612 0.935827912045783 0.0 0.0 0.0 0.0 0.0 0.0
1.64982243484386 -0.8996243249589104 18.074166471002577 -0.1405934238018741 -0.9039703623286968 0.40382059533286735 0.12718838396164897 0.3880923744572008 0.9128019631187237 0.0 0.0 0.0 0.0 0.0 0.0
1.2873217011035454 -0.6036188072317444 18.558644194646632 0.2811064820853853 -0.9557993458563483 0.08617862954442806 -0.08151620907996349 0.06570266193793961 0.994504031098668 0.0 0.0 0.0 0.0 0.0 0.0
1.1737951510652962 -0.9851472025085397 19.074650266229387 0.806341584384971 -0.5606491729354174 -0.18837662853540738 0.017067540379606626 -0.29621976879823936 0.9549673018687647 0.0 0.0 0.0 0.0 0.0 0.0
2.1980436116307778 -1.5277742011224806 18.80657279840035 -0.9186010903541018 0.3727162462718246 0.13135690528212074 -0.2036654449768266 -0.16181585886797567 -0.9655754835025642 0.0 0.0 0.0 0.0 0.0 0.0
1.8417945820615165 -1.8545579948344681 18.473101080065742 -0.46662506821324046 0.8842653897633495 0.018323923751758793 -0.42962285819611973 -0.20843690234298393 -0.8786229324670841 0.0 0.0 0.0 0.0 0.0 0.0
1.2299505459027942 -2.144407431321907 18.432980159661895 0.22513092525758654 0.9372683508031263 -0.2661655595216081 -0.6139263692971839 -0.07549407771839121 -0.785744906003868 0.0 0.0 0.0 0.0 0.0 0.0
0.7239632249354309 -1.8895720826485094 18.2515848790796 0.6468388279661217 0.5574974788900626 -0.5203807180004252 -0.545149358805378 -0.13909907468796 -0.8267185881634926 0.0 0.0 0.0 0.0 0.0 0.0
0.611614620020349 -1.7668192846521091 17.7216443609611 0.9224532532075661 0.09798822495162071 -0.3734679416196371 -0.37052224915622395 -0.04701102837060515 -0.927633131195599 0.0 0.0 0.0 0.0 0.0 0.0
0.4517455682084995 -1.4184154144165297 17.295796401737494 0.8281260111379608 -0.46639911821154373 -0.3109327454743623 -0.26174732040172705 0.1686258666087579 -0.9502913539399173 0.0 0.0 0.0 0.0 0.0 0.0
0.6246700392039672 -0.9244274157399303 16.906938604168005 0.29495493027829583 -0.922387538294341 -0.24940492838721418 -0.1366939815798832 0.21753038795258448 -0.9664343152625721 0.0 0.0 0.0 0.0 0.0 0.0
0.9785623314620733 -0.7854916860551989 16.503539741154196 -0.2942348960588858 -0.9308725835974657 -0.21656883212456016 0.010822401088499214 0.22329732457978857 -0.9746902997722857 0.0 0.0 0.0 0.0 0.0 0.0
1.0592157783517255 -0.8122681380605778 16.004230257493937 -0.761442825794104 -0.6334888463476753 -0.13746528507147185 0.00157290387834891 0.2101412326919324 -0.9776697746663259 0.0 0.0 0.0 0.0 0.0 0.0
1.3280626320732567 -1.2029745832355017 15.480166999295609 -0.9861895502393345 0.006716387402310608 0.1654843229402743 -0.1655525621506647 -0.0842747212365693 -0.9825935683312041 0.0 0.0 0.0 0.0 0.0 0.0
1.1868946642404317 -1.281642551068326 15.041526033106358 -0.8449096033409657 0.4876013969452691 0.21993780911711008 -0.26203070732355815 -0.018783212018941144 -0.964876727549052 0.0 0.0 0.0 0.0 0.0 0.0
0.8779899917821082 -1.7176860765437896 14.628466922986618 -0.6385607580318675 0.7418792918956681 0.20458561669420677 -0.36182203718306205 -0.05477159639594561 -0.9306368172584505 0.0 0.0 0.0 0.0 0.0 0.0
0.5789387180089222 -1.748872974876731 14.307145652344053 -0.13763966384328838 0.9902159909873095 0.022969852636168124 -0.37122741906404166 -0.030118493209390206 -0.9280533819246856 0.0 0.0 0.0 0.0 0.0 0.0
0.09990999452140564 -1.7651717930656652 14.109188385379976 0.5082613751321133 0.7988246400822866 -0.32179118842227233 -0.507730992970043 -0.023831936990599885 -0.8611859715281771 0.0 0.0 0.0 0.0 0.0 0.0
-0.4374853251937074 -1.4566579596149327 13.735805793613524 0.9256728715856182 0.33554009590621126 -0.17476435234247875 -0.2529565649156443 0.2055017775846243 -0.9454004419692414 0.0 0.0 0.0 0.0 0.0 0.0
-0.5846158224650827 -1.0613104513081033 13.424028972514531 0.8897962212133992 -0.3111018897253987 -0.33388366076171133 -0.2750087387207697 0.2180984232720286 -0.9363777396934778 0.0 0.0 0.0 0.0 0.0 0.0
-0.3277287802301008 -0.5465338107536979 13.073641846677623 0.42916553830265597 -0.8180443507151021 -0.38291040857686126 -0.16942158240993024 0.3434596879031075 -0.9237595846318539 0.0 0.0 0.0 0.0 0.0 0.0
-0.020327719552889787 -0.40801297786505575 12.615587668182174 -0.07225461101281234 -0.947151528857874 -0.31254320112518696 0.10921255903717232 0.30386941307613574 -0.9464333028509283 0.0 0.0 0.0 0.0 0.0 0.0
0.16676058542693897 -0.3996751976207247 12.122297879001328 -0.6063892354929612 -0.754398442381036 -0.2513465440608417 0.19125460941438305 0.16849699980626495 -0.9669697179508981 0.0 0.0 0.0 0.0 0.0 0.0
0.4316349690850747 -0.512612506848243 11.59246693276982 -0.9497500240345383 -0.3113199115246407 -0.032477754458763546 0.016741786150946663 0.05294886863665389 -0.998456874334878 0.0 0.0 0.0 0.0 0.0 0.0
0.5079083865183888 -0.9747095277736273 11.068475314307667 -0.9196844516670268 0.3351265917057068 0.2046232559941234 -0.15138071653476937 0.17809624044661232 -0.9722991349374956 0.0 0.0 0.0 0.0 0.0 0.0
0.18812319010722392 -0.9187446192376927 10.62192611724192 -0.5903327320705027 0.7441063343150073 0.31275074528841434 -0.37666451837362314 0.0887195003914065 -0.9220914763995305 0.0 0.0 0.0 0.0 0.0 0.0
-0.24174175275886362 -1.059451308992721 10.36601534984738 0.21005921463179966 0.9775553606656029 -0.016144447411254634 -0.44106713795763625 0.08006977302208915 -0.89389519031151 0.0 0.0 0.0 0.0 0.0 0.0
-0.5969857947875088 -0.9181145808875322 9.933372710730216 0.5754318312082837 0.8157997934879103 0.057869720729966 -0.28204960512713406 0.26441549073512755 -0.9222431721118511 0.0 0.0 0.0 0.0 0.0 0.0
-0.9969583128775428 -0.5165389513828114 9.653980518972299 0.943598109108787 0.33102482141865436 0.0067213161709400535 -0.05316746851681635 0.17161885509779884 -0.9837277005688283 0.0 0.0 0.0 0.0 0.0 0.0
-1.010503248023793 -0.2817210612819911 9.274829772247006 0.9904967369915584 -0.1075027261203014 -0.08578681650334725 -0.06988594888484771 0.14346849378739943 -0.9871842510083106 0.0 0.0 0.0 0.0 0.0 0.0
-0.9791422086561791 0.1610589340220709 8.92706816936683 0.800725936527489 -0.5453621965726217 -0.24782665135465315 -0.012483131440594902 0.3984104311430857 -0.917122292710093 0.0 0.0 0.0 0.0 0.0 0.0
-0.7226194796046874 0.6384447907105805 8.531960838722991 0.16731481195564937 -0.9721438739298109 -0.16414031217524178 -0.08088079824266836 0.15244048853374464 -0.9849975603681574 0.0 0.0 0.0 0.0 0.0 0.0
-0.5657431321906551 0.5604093292635204 8.046337168349377 -0.49934108171596153 -0.8663980594690678 -0.0035897992934281974 -0.07411600154490018 0.046832066321601126 -0.9961493742803061 0.0 0.0 0.0 0.0 0.0 0.0
-0.27441105110745856 0.35526336385693036 7.667848477733429 -0.901585341320658 -0.42046466057211423 -0.10175137112436952 0.13646736858869316 -0.05323156344473692 -0.989213353106248 0.0 0.0 0.0 0.0 0.0 0.0
-0.11612541089457623 0.05412802301009628 7.169904907255225 -0.9968061206139913 0.0736627748396943 -0.030844019021545897 0.02871247086443403 -0.029226155391375824 -0.9991603604316467 0.0 0.0 0.0 0.0 0.0 0.0
-0.13044068443296544 -0.4278439774594975 6.775134274477578 -0.8109722887596322 0.578759662378367 -0.08579743625331915 -0.033899347649778186 -0.19293850306483165 -0.9806250905743854 0.0 0.0 0.0 0.0 0.0 0.0
-0.5446994599671284 -0.6361124970650386 6.400633217891522 -0.3719388031042528 0.927795188886938 0.02928505119727503 -0.24187006806717812 -0.06640214311170248 -0.9680338969082393 0.0 0.0 0.0 0.0 0.0 0.0
-0.7992173436643969 -0.5762346403694137 5.9905376849025584 0.23272175976143086 0.9719766943929613 -0.03319469973466736 -0.13742227225871498 -0.0009325128602296089 -0.990512114770444 0.0 0.0 0.0 0.0 0.0 0.0
-1.1675202512326839 -0.5054810401502701 5.6311340690302885 0.7170725193083822 0.6954859699034498 -0.04589409243233385 -0.10864905218520665 0.046580820111326936 -0.9929882228188874 0.0 0.0 0.0 0.0 0.0 0.0
-1.520043117249034 -0.18015325834062626 5.28377695717447 0.9925010695324968 0.11911506440213186 -0.027445007001747495 -0.04817909570296436 0.17522722983670264 -0.9833484594288029 0.0 0.0 0.0 0.0 0.0 0.0
-1.4841156339160562 0.31411912029427874 4.960379801774495 0.9364039828058459 -0.3341633032740161 -0.10715627713926511 -0.00028640710735316485 0.30440689229554396 -0.9525420525593282 0.0 0.0 0.0 0.0 0.0 0.0
-1.1745949753463256 0.5077209047507238 4.5224622368318075 0.5770203257980863 -0.809623231625246 -0.10750705292474387 0.1633757703153531 0.2434504729719219 -0.9560545093683793 0.0 0.0 0.0 0.0 0.0 0.0
-0.620102283399859 0.7868117515848788 4.207131222117868 -0.14735957493370513 -0.9833919987980928 -0.10594966906625847 0.07632934094770069 0.09546007545710411 -0.9925024965732901 0.0 0.0 0.0 0.0 0.0 0.0
-0.5517250234796899 0.58373444470533 3.6265922164827415 -0.46545151424156367 -0.8831783702977348 0.05788656258988629 0.27372036443181785 -0.20585732459045394 -0.9395211141894435 0.0 0.0 0.0 0.0 0.0 0.0
-0.25490505400328717 0.4417666999295608 3.252171871331299 -0.8889736027879498 -0.4522879983163997 -0.07184358096000654 0.23073276770629428 -0.30687109815069813 -0.9233593661334561 0.0 0.0 0.0 0.0 0.0 0.0
-0.03446745127964312 -0.13176141699929558 3.01661921812632 -0.9189837745104745 0.3306327581589024 -0.21482737585959094 0.1712883809257265 -0.1560874215850625 -0.9727779846310104 0.0 0.0 0.0 0.0 0.0 0.0
-0.1997925960710652 -0.3207443061751584 2.6420169053768494 -0.551357550370987 0.7747354059557181 -0.30949943846077227 0.25552071526821146 -0.1963705933528863 -0.9466508089760748 0.0 0.0 0.0 0.0 0.0 0.0
-0.5293709577579031 -0.7009470141660797 2.1906123930073216 -0.10008154525315008 0.9793427329342749 -0.17570286209554775 0.12258886379231934 -0.16309787321589125 -0.9789642762770056 0.0 0.0 0.0 0.0 0.0 0.0
-0.6534691242075604 -0.7417747710730219 1.6129373092275177 0.25459721452997247 0.9499367132609163 0.1811090808121634 0.2652475341163652 0.11161236570895788 -0.9576985044710248 0.0 0.0 0.0 0.0 0.0 0.0
-0.8233082171800179 -0.47067529011647347 1.0864159320369697 0.8278898852843232 0.46809200324939054 0.3090116734653934 0.15195050746302413 0.3430643709446247 -0.9269400631486906 0.0 0.0 0.0 0.0 0.0 0.0
-0.8860024360178445 0.05618249589105422 0.7726799131251468 0.9517215641283344 -0.266564115080241 0.15221575780649185 0.23762122942937486 0.3255975433155713 -0.9151624943753633 0.0 0.0 0.0 0.0 0.0 0.0
-0.4955682084996477 0.4638853017140174 0.3606994012679032 0.6888283314992285 -0.6164575238572841 0.38143892172107297 0.6177649929735446 0.22387754006492375 -0.7538204431500083 0.0 0.0 0.0 0.0 0.0 0.0
0.047247539968836044 0.6094616035916809 0.17302397062904226 0.18336782803251842 -0.9812606276078251 0.059193076869967706 0.6030362083874905 0.06473922419012725 -0.7950824889436942 0.0 0.0 0.0 0.0 0.0 0.0
0.4512759744071378 0.5098137767081472 -0.09006295491899508 -0.4548973639111425 -0.7900371449816969 -0.41098625020292673 0.6267594447075976 0.04387479189729476 -0.7779766070427779 0.0 0.0 0.0 0.0 0.0 0.0
0.7417020640782088 0.5795427863988558 0.7230570556468656 0.7352129382175742 0.2855322790283646 -0.614762761649036 0.02497232353253081 0.8949639562935746 0.4454389969375597 0.0 0.0 0.0 0.0 0.0 0.0
0.9918603741097287 0.8820380370979103 0.9250802222743992 0.07948920237574827 0.5286121674919949 -0.8451335060717227 0.10010530277290036 0.839323096827013 0.5343366611879242 0.0 0.0 0.0 0.0 0.0 0.0
1.5336293197293434 1.0635908272677466 1.2161732374223568 -0.41005880255378185 0.5783024187199738 -0.7052787328076657 0.3308245290632295 0.814961291450201 0.4758079700970897 0.0 0.0 0.0 0.0 0.0 0.0
1.8039641543398295 1.426144634890819 1.1860452375361978 -0.6472162750612811 0.5842351515385447 -0.4896737495542658 0.4444016062451391 0.811082858583411 0.38033118315344977 0.0 0.0 0.0 0.0 0.0 0.0
2.280265676250649 1.7477320753911496 0.9220118536859556 -0.8546490281693844 0.4867970322127127 0.18056491375132064 0.5173133830161593 0.8281140253893812 0.21590281310296053 0.0 0.0 0.0 0.0 0.0 0.0
2.390412459888862 2.222994443140018 1.0261837677075998 -0.7460864447514889 0.07374736142204494 0.6617524791350387 0.4174483797850062 0.8260290287811511 0.3786989488046427 0.0 0.0 0.0 0.0 0.0 0.0
2.4810526016208097 2.837246615011348 0.9949020612321857 -0.5007739456099235 -0.3101362877174064 0.808109484190809 0.4373894876004273 0.71495586468977 0.5454617747215098 0.0 0.0 0.0 0.0 0.0 0.0
2.3906550833529 3.1422164827424277 1.3286960945448854 0.09113989372818543 -0.5898975798784885 0.8023181195914234 0.39193487005263133 0.7618616399145245 0.5157071836455048 0.0 0.0 0.0 0.0 0.0 0.0
2.119586330551345 3.6707258070254074 1.7212640611325745 0.402188480394353 -0.7412666049979485 0.5373716093662715 0.308685907017457 0.6623868897461611 0.6826101516247886 0.0 0.0 0.0 0.0 0.0 0.0
2.1659622759646235 3.79787117476716 2.145006652578852 0.8537155448162046 -0.5206282942005074 0.01076790680869691 0.4036297132859721 0.6746542860336426 0.6180005249909741 0.0 0.0 0.0 0.0 0.0 0.0
2.2970290854660718 3.981018138060577 2.612486058934022 0.6991073272940627 -0.20085954095887076 -0.6862247370428611 0.6647511432887737 0.5361554927333188 0.5202337985061719 0.0 0.0 0.0 0.0 0.0 0.0
2.5624413007748297 3.96906550833529 2.95986807349143 0.42892178576502366 0.5361522322062799 -0.7270260556516296 0.7177448283117029 0.2864887288236536 0.6346389285954739 0.0 0.0 0.0 0.0 0.0 0.0
2.9573660190185485 3.7700127670814734 3.0973710084526886 0.07691841620807925 0.9968554176023569 -0.0190481926930394 0.7283233274503924 -0.0430999090665616 0.6838768372521785 0.0 0.0 0.0 0.0 0.0 0.0
3.4275064569147675 3.7759487262268143 2.9753573315332233 -0.2148191529924004 0.4938663297680029 0.8425845831897888 0.7785526487572447 -0.43424478622070045 0.45308634801019615 0.0 0.0 0.0 0.0 0.0 0.0
3.1884600880844136 3.0640248457811277 2.233188897664126 -0.9093145118085423 0.4161079956520709 -0.0011200753584167998 -0.3260014235644367 -0.7138868710007846 -0.6197488259340794 0.0 0.0 0.0 0.0 0.0 0.0
2.8156413868670276 2.748274242779995 2.1870431243640924 -0.5840246628828987 0.6653286494489566 -0.4650300865180057 -0.5203844759527764 -0.7465385404514091 -0.4145843759815778 0.0 0.0 0.0 0.0 0.0 0.0
2.2894263129060026 2.455370801226636 2.3707692088767462 -0.010643635642943723 0.5206044942548411 -0.8537316168339798 -0.6925687182393303 -0.6197225309076149 -0.3691782160444888 0.0 0.0 0.0 0.0 0.0 0.0
1.8944196603271501 2.2488455819049857 1.9598027706034276 0.5326458777816487 0.28121835932744055 -0.7982509650851664 -0.6816289453721129 -0.41654539064541096 -0.6015579094010509 0.0 0.0 0.0 0.0 0.0 0.0
1.2769714045835199 2.3294271667129145 1.7104598461724547 0.7590392158597555 -0.055070479261836315 -0.6487115777453636 -0.6056293330786705 -0.42521970057077557 -0.672607847977694 0.0 0.0 0.0 0.0 0.0 0.0
1.0773655787743601 2.1427917351490957 1.2023205760350628 0.9002592104553652 -0.4286863172768328 -0.07590385609380497 -0.34163289764587534 -0.587576355810117 -0.733512773807645 0.0 0.0 0.0 0.0 0.0 0.0
0.9218090745444583 2.144197314777263 0.5704639729058608 0.8110322025639463 -0.5259387004195756 0.25615473801052807 -0.15531895427143308 -0.6157587779152347 -0.7724746920542866 0.0 0.0 0.0 0.0 0.0 0.0
0.920141660796744 1.6824724113641696 0.21577835172575716 0.4041292805756058 -0.49923963524038045 0.766445895798585 0.02189420385828671 -0.8324540207705665 -0.5536614011653053 0.0 0.0 0.0 0.0 0.0 0.0
1.2460564793272004 1.4475157776402197 -0.2093570122450141 -0.038090342962838794 -0.5119790215887435 0.8581530208686596 0.05948112735300651 -0.8584727169037284 -0.5093982624830462 0.0 0.0 0.0 0.0 0.0 0.0
1.4815058307896996 0.997158957501761 -0.21903028880018777 -0.6786785459753116 -0.3161902691719985 0.6628869774809095 -0.1782411883329092 -0.8046743016180896 -0.5663297158874079 0.0 0.0 0.0 0.0 0.0 0.0
0.9721031932378489 0.2875821789152383 -0.3885301714017375 -0.8153606628247272 -0.4633803143868164 -0.3470816528668677 0.5278367910062531 -0.34897903536826375 -0.7743396896283034 0.0 0.0 0.0 0.0 0.0 0.0
1.3384846350331203 -0.2084783026318598 -0.7236938533017425 -0.9541345794719313 0.006348449256760391 -0.29931071054667435 0.2720162090153028 -0.3990202820068226 -0.8756654592823329 0.0 0.0 0.0 0.0 0.0 0.0
1.2404577072082648 -0.5560797722470062 -1.1281477459497533 -0.7590823106948102 0.47460786921071324 -0.4455798649776424 0.0428613602481213 -0.6465393942925429 -0.7616755972364562 0.0 0.0 0.0 0.0 0.0 0.0
1.10630963307648 -1.0908770731499071 -1.4308665428646645 -0.2095020392944578 0.9100828337978505 -0.3575725536977601 0.17720088328547895 -0.3242336577544874 -0.9292321465285152 0.0 0.0 0.0 0.0 0.0 0.0
0.9250293496125852 -1.1129607889175863 -1.8472685293887459 0.3368876375046265 0.8932817111670355 -0.29758108842976627 -0.01773099793331886 -0.31002099702054325 -0.9505643550642308 0.0 0.0 0.0 0.0 0.0 0.0
0.45159148274242766 -0.989114962432496 -2.379952747123738 0.8697834326991842 0.4933684708319412 -0.00802073506456384 0.15594185445136408 -0.2903236875085016 -0.9441367986164587 0.0 0.0 0.0 0.0 0.0 0.0
0.45917835759567976 -0.7253243132190654 -2.883936957032167 0.9864854114069839 0.07779206061965072 0.1442044672877455 0.15142039133632226 -0.0957313735004932 -0.9838228342619744 0.0 0.0 0.0 0.0 0.0 0.0
0.7003678484777335 -0.5728144321828286 -3.249800422634421 0.7153743703606148 -0.6888125522940389 0.11737452037527459 0.10917521819425773 -0.05566878409375785 -0.9924624719402536 0.0 0.0 0.0 0.0 0.0 0.0
0.9353173671440869 -0.41999295609297954 -3.663289504578539 0.28218597636849985 -0.9567756068982867 0.07036698647357059 0.34453285368813746 0.032560948417454286 -0.9382094101892521 0.0 0.0 0.0 0.0 0.0 0.0
1.4998092275181965 -0.319749354308523 -4.0642756515614 -0.42128159772338014 -0.9050374474331853 0.05855795559324545 -0.009352505900942656 -0.060229291792219336 -0.9981407531223141 0.0 0.0 0.0 0.0 0.0 0.0
1.4674610628473033 -0.45554903341942543 -4.574825858965329 -0.817650022551313 -0.5611921906316846 0.12849811592334084 0.03519912646931281 -0.2715106836568514 -0.961791541944504 0.0 0.0 0.0 0.0 0.0 0.0
1.7323828950457851 -0.9800349260389759 -4.90811003169758 -0.9553081377483736 0.26060641836252224 0.13953729487127278 -0.18834461667054336 -0.1728781218883984 -0.9667675316970291 0.0 0.0 0.0 0.0 0.0 0.0
1.362863935196055 -0.9835935665649215 -5.453462520544729 -0.8245066912770735 0.4498133995765548 0.3433025219842045 -0.4304532983563915 -0.10466561025744367 -0.8965238803085729 0.0 0.0 0.0 0.0 0.0 0.0
0.8828285199968692 -1.2132308053533696 -5.747080691868198 -0.3474457577872053 0.9100709905676233 0.22594742203207224 -0.4488275550231983 0.050039082585501556 -0.8922162944409272 0.0 0.0 0.0 0.0 0.0 0.0
0.3814422399624324 -1.3096494188776706 -5.9800789504578535 0.10393812586104308 0.9811541409814705 0.16289081504924321 -0.6239755344818719 0.19194378119987102 -0.7575038727470365 0.0 0.0 0.0 0.0 0.0 0.0
-0.28514982977224707 -1.2512767081474525 -6.071293877670815 0.5381364876185463 0.8238990869362629 -0.17776224357035572 -0.7042676239234252 0.3237174205485782 -0.6318339540786232 0.0 0.0 0.0 0.0 0.0 0.0
-0.5446896767629336 -0.8973702747123735 -6.335145182750253 0.7899358740591909 0.3199581243633662 -0.5230947462250207 -0.6091219935246784 0.3120434080285171 -0.7291085711404509 0.0 0.0 0.0 0.0 0.0 0.0
-0.6990647256789544 -0.40735305627299057 -6.634836033497691 0.8170018258500897 -0.3641688718475026 -0.44708953167675164 -0.31447658465304007 0.36863187716167706 -0.8747656925401324 0.0 0.0 0.0 0.0 0.0 0.0
-0.7532871566095327 -0.042830867965876186 -6.988729748767315 0.5314303013234876 -0.7289673579599358 -0.431495568765356 -0.2498732733181284 0.3519129961428977 -0.9020646265246259 0.0 0.0 0.0 0.0 0.0 0.0
-0.5276206535891907 0.3841917650323379 -7.37291084121326 -0.06385899497831914 -0.9696484237497403 -0.23601687032922677 -0.19449088980942303 0.24408339531203746 -0.9500508354367605 0.0 0.0 0.0 0.0 0.0 0.0
-0.5105189011505047 0.21862722078735228 -7.919926430304453 -0.5703442821544991 -0.8210588706283303 0.02386903383465886 -0.3258793958036509 0.19965746382263938 -0.9240884787348876 0.0 0.0 0.0 0.0 0.0 0.0
-0.27258497157534484 0.004151636107494297 -8.501230904964173 -0.8184191724797176 -0.5329154273915386 0.21492139345748656 -0.2505430608736934 -0.005689065434301689 -0.968088740344874 0.0 0.0 0.0 0.0 0.0 0.0
-0.3977973115754872 -0.35598145104484613 -8.923980834702977 -0.9630533954998673 0.02431678066647503 0.26821046138097343 -0.26878257126940414 -0.14816645749847443 -0.9517366391256358 0.0 0.0 0.0 0.0 0.0 0.0
-0.600316975815919 -0.9455454625498945 -9.205759127729511 -0.749165324433006 0.6396633210858513 0.17199462876673777 -0.3139480702954478 -0.11433462919926043 -0.9425307431185639 0.0 0.0 0.0 0.0 0.0 0.0
-0.9649690139241678 -1.0873835798700786 -9.583808263427892 -0.3309677590343182 0.9223416228925921 0.19936467380070294 -0.30044708516787355 0.09723927942166935 -0.9488287893775583 0.0 0.0 0.0 0.0 0.0 0.0
-1.2459145339281519 -0.9468615480942316 -9.99935430852313 0.28512545661278804 0.9551433640968358 0.08002891985481622 -0.37157694907040095 0.1871336106143661 -0.909346789018339 0.0 0.0 0.0 0.0 0.0 0.0
-1.8108197346795019 -0.6894113935196053 -10.358817357360882 0.8640208040043558 0.5033438700642685 0.010630085436704108 -0.12217246350222018 0.23008291768692177 -0.9654717707682975 0.0 0.0 0.0 0.0 0.0 0.0
-1.7827798485559985 -0.3101630370979103 -10.684198168584173 0.9439428932321274 -0.20359552599124317 -0.25984740928650685 -0.12263325314985069 0.5144503648393242 -0.8487060193839624 0.0 0.0 0.0 0.0 0.0 0.0
-1.7018813101667054 0.1383724172340925 -10.979532313923455 0.7712341573918783 -0.536652702320672 -0.34234741354939424 0.08074061481138636 0.6159522047818284 -0.783635013602815 0.0 0.0 0.0 0.0 0.0 0.0
-1.5171166940596386 0.48814666979729193 -11.267973702747124 0.17017259179240993 -0.9181780664748697 -0.3577573580614709 0.037831914741995785 0.3689323659102028 -0.9286859833177491 0.0 0.0 0.0 0.0 0.0 0.0
-1.1510252797996396 0.6976559442748689 -11.613653439774595 -0.435373285899408 -0.8524415119629793 -0.2894711913255312 0.05475990530145177 0.295817448267072 -0.9536736286970161 0.0 0.0 0.0 0.0 0.0 0.0
-0.8524925158487909 0.7393901150504811 -12.162094241606006 -0.7727621274076286 -0.6234352359174952 -0.1190260520261559 0.043319420812172216 0.13519704380389133 -0.9898712982641666 0.0 0.0 0.0 0.0 0.0 0.0
-0.5729668055881663 0.4230049600845268 -12.695123561868982 -0.9849291828337859 -0.15215869238780172 0.08223282272429308 -0.09226927423238351 0.060274741322453716 -0.9939081127504396 0.0 0.0 0.0 0.0 0.0 0.0
-0.7368865930969711 0.2624011896376301 -13.089461532441103 -0.8086596438122361 0.5787677211039638 0.10534469838388487 -0.18380600674769176 -0.07841219486334332 -0.9798300258617209 0.0 0.0 0.0 0.0 0.0 0.0
-0.9181967598027706 0.06657274790639431 -13.569566408390076 -0.42476621413918736 0.8750148120585874 0.23221270853236456 -0.21022609396094288 0.1541723587598317 -0.9654200501400179 0.0 0.0 0.0 0.0 0.0 0.0
-1.267540062221179 0.06656492134303829 -13.970690743132192 0.19252008103972837 0.9480842822173239 0.2531248944867298 -0.06353173691299006 0.2695200050641735 -0.9608968130215785 0.0 0.0 0.0 0.0 0.0 0.0
-1.6633364639586747 0.22065821397824217 -14.254332002817565 0.7564150009141952 0.6485608097992647 -0.08488358136000318 -0.4038583886168349 0.36107398005303987 -0.8405498098699866 0.0 0.0 0.0 0.0 0.0 0.0
-1.8936722235266497 0.613191672536589 -14.50090396806762 0.9682600217643408 0.024408408333633082 -0.24875039669423027 -0.2408818107422904 0.35743123204528726 -0.9023407713342579 0.0 0.0 0.0 0.0 0.0 0.0
-2.053316684098558 1.1064305890556183 -14.8276768625442 0.8494507967094587 -0.48065208853157776 -0.21773128796729785 -0.08964277707375834 0.2753191294612222 -0.957164327308127 0.0 0.0 0.0 0.0 0.0 0.0
-1.8294083118102844 1.2476011583313769 -15.299616498395551 0.4611689994469475 -0.8570206775714478 -0.22986672696168456 0.07751432334819905 0.2970538180445899 -0.9517092827439493 0.0 0.0 0.0 0.0 0.0 0.0
-1.3633628786100023 1.6641010213665182 -15.579453069969478 -0.10613318875221672 -0.976089590053335 -0.1896967538857706 0.24066097775156547 0.15980062105804171 -0.9573641184508247 0.0 0.0 0.0 0.0 0.0 0.0
-1.1131170756046018 1.5031881016670579 -15.982324195820611 -0.5847411653140329 -0.7329675171792404 -0.3476152878503573 0.43526738413433375 0.0780422335455937 -0.896912322410652 0.0 0.0 0.0 0.0 0.0 0.0
-0.7990803788056666 1.2856186898332935 -16.297198090318545 -0.895848842152014 -0.16614380689620742 -0.41212994000064074 0.4001006066268932 0.10183187616950502 -0.9107962305436879 0.0 0.0 0.0 0.0 0.0 0.0
-0.6307561927682555 0.9862790561164593 -16.749409339046725 -0.8659535798223196 0.4007734041121945 -0.29917398976052917 0.31281221235709217 -0.0327612722580273 -0.949249818983547 0.0 0.0 0.0 0.0 0.0 0.0
-0.5459394810988496 0.8119863817797606 -17.268046343038275 -0.6104499160760293 0.7920428925967145 -0.004353877558932513 0.1495407015224691 0.10994576467373524 -0.982623787325788 0.0 0.0 0.0 0.0 0.0 0.0
-0.8426896340725877 0.4694941905554725 -17.74087315986823 -0.02278094489849727 0.9969464328940739 0.07469162261802498 0.25976411047575493 0.07807315585946448 -0.9625108774673061 0.0 0.0 0.0 0.0 0.0 0.0
-0.7768732390232449 0.7174109239258042 -18.24528204977694 0.4345287429480177 0.8304125496756065 0.3487115841111018 0.31468103452577956 0.22296608578723123 -0.9226385918107406 0.0 0.0 0.0 0.0 0.0 0.0
-0.7252876262033342 1.0988201455740787 -18.63394429443531 0.7633444318794019 0.3528291159708741 0.5411255799183072 0.48781781633567084 0.23440189664433372 -0.8408861569291272 0.0 0.0 0.0 0.0 0.0 0.0
-0.6209915544266331 1.6017133058692108 -19.044586508427784 0.7699478303966094 -0.20480911007397706 0.6043455691061692 0.6377770150503049 0.27928178462856207 -0.7178037084386013 0.0 0.0 0.0 0.0 0.0 0.0
-0.2352740685758432 1.9563277764733507 -19.154447129039823 0.48706514665927103 -0.8518506187068815 0.1926604949606589 0.6886132088633117 0.23892349051101652 -0.6846367023911334 0.0 0.0 0.0 0.0 0.0 0.0
