t = 0
b = 58 58 58
E = 0 0 0
-0.08040529489517212 1.0466804504394531 -18.780532836914062 -0.48662686363655294 0.8713395313428747 0.06294216954023238 -0.4209041457820871 -0.29698156510404594 0.8571123905601896 0 0 0 0 0 0
-0.07545388489961624 1.0490951538085938 -18.28985595703125 -0.7270432891397117 0.6752684587220684 -0.12417956503399218 -0.38274049725375897 -0.24845127084293156 0.8898211493207373 0 0 0 0 0 0
-0.17234185338020325 1.3154411315917969 -17.842987060546875 -0.9550750246315577 -0.02659077415073017 -0.29516881280903345 -0.28943514005280874 -0.13041684877706997 0.9482714512509959 0 0 0 0 0 0
-0.4428674280643463 1.4832496643066406 -17.42394256591797 -0.7295772123335093 -0.5286582524457956 -0.4338635077586306 -0.42990122438363304 -0.13887460497724974 0.8921315941977767 0 0 0 0 0 0
-0.9058977365493774 1.6730995178222656 -17.179763793945312 -0.2066013464419309 -0.9548703200854455 -0.21339764635135972 -0.22282416279537612 -0.1664538135440244 0.9605428259225047 0 0 0 0 0 0
-1.2914427518844604 1.5444068908691406 -16.824195861816406 0.43588896461660703 -0.87220427588655 -0.22194709200771473 -0.21842103363167034 -0.34175384993939 0.9140550082565477 0 0 0 0 0 0
-1.6547945737838745 1.2843360900878906 -16.59710693359375 0.8109533812425054 -0.5828400588691652 0.05149834199987426 -0.3156440077328969 -0.3616700087947313 0.8772477786353946 0 0 0 0 0 0
-1.9273433685302734 0.8662223815917969 -16.24896240234375 0.9994686393791138 0.021822306267901784 0.024212101247368664 -0.019130222587797504 -0.20870149216048509 0.9777922692237491 0 0 0 0 0 0
-1.8489282131195068 0.4600028991699219 -15.869033813476562 0.6930202810408577 0.7111007295364071 0.1185691465721166 0.017604059213879773 -0.18111298016911848 0.9833047266811314 0 0 0 0 0 0
-1.563544511795044 0.21669387817382812 -15.558822631835938 0.29845912440100486 0.9278692768279084 0.22356376312059134 0.319039434227013 -0.31775709062928775 0.892885362609847 0 0 0 0 0 0
-1.2454952001571655 0.11305999755859375 -15.13299560546875 -0.2251853900172733 0.9655660953641204 0.13028298279535402 0.22366282100132615 -0.07891737569510418 0.9714664123453404 0 0 0 0 0 0
-0.9160666465759277 0.26120758056640625 -14.794342041015625 -0.8430088029035593 0.49368016928014624 0.21357913916540222 0.24796836991852497 0.004320435425499737 0.9687584948570432 0 0 0 0 0 0
-0.7125025391578674 0.5361862182617188 -14.32574462890625 -0.9879226477591949 -0.023101342119120176 0.15321608935342648 0.15172247135916297 0.05648170747752768 0.9868080403022116 0 0 0 0 0 0
-0.6494420766830444 0.669403076171875 -13.80438232421875 -0.861619690240999 -0.5072183540160754 -0.018467559076058668 -0.049365544402004406 0.047534129697603233 0.9976490111957137 0 0 0 0 0 0
-0.9482117891311646 0.8772697448730469 -13.38232421875 -0.34076158983268834 -0.9370636057072028 -0.07611397870112145 -0.2819548147362525 0.02462754358788303 0.9591115506258239 0 0 0 0 0 0
-1.4011015892028809 0.7778739929199219 -13.070060729980469 0.31892111568010145 -0.94710523317844 -0.03579104998980292 -0.12971298100905784 -0.08102394203119281 0.9882356315046882 0 0 0 0 0 0
-1.6406681537628174 0.6318206787109375 -12.679969787597656 0.7988665281544577 -0.5990764420736727 0.0540341257613411 -0.21006505249707716 -0.1936856029296712 0.9583102633996831 0 0 0 0 0 0
-1.7437262535095215 0.2461700439453125 -12.324966430664062 0.9985610573219253 0.0277126699454551 0.045911030533118326 -0.03687198078158567 -0.26684413752271674 0.9630340924925763 0 0 0 0 0 0
-1.620816946029663 -0.11916351318359375 -11.99664306640625 0.7709796669067329 0.626037186508884 0.11690934233167086 0.07255039706153897 -0.2687131797238283 0.9604840794770743 0 0 0 0 0 0
-1.378495454788208 -0.3806304931640625 -11.592178344726562 0.4009679062417721 0.8984744080752315 0.1787973047838023 0.21141915590443652 -0.2806624944417908 0.936232078456174 0 0 0 0 0 0
-1.0886849164962769 -0.5392074584960938 -11.199996948242188 0.0565488854545277 0.9886211447959987 0.13939316918737432 0.4467083759674195 -0.14991568613402786 0.8820299960270707 0 0 0 0 0 0
-0.6177870631217957 -0.424224853515625 -10.920921325683594 -0.6036554697722546 0.6955443017317346 0.38963854807058346 0.4377020152206669 -0.1193463285097375 0.8911640700471565 0 0 0 0 0 0
-0.3039730191230774 -0.20894241333007812 -10.574356079101562 -0.9186371599775128 0.03976290644786541 0.3930962726601051 0.3944089998604509 0.03337802140561457 0.9183286168448227 0 0 0 0 0 0
-0.18463411927223206 -0.00299835205078125 -10.1463623046875 -0.8733493894770052 -0.4315447330902733 0.22589817892622943 0.27587241201738155 -0.05600785365515496 0.9595611145813772 0 0 0 0 0 0
-0.18644730746746063 0.2610664367675781 -9.681144714355469 -0.5678818926007355 -0.7978195207697979 0.2024701665304219 0.11942321770930575 0.16351793910041457 0.9792854428941078 0 0 0 0 0 0
-0.3910982310771942 0.4548072814941406 -9.199516296386719 -0.029074111168625877 -0.9857714863367321 0.1655574606752122 0.008171873507244526 0.16538753566974568 0.9861947999905852 0 0 0 0 0 0
-0.6430169939994812 0.4154853820800781 -8.7340087890625 0.5932316270726394 -0.8050215778047034 0.0040615156745592755 0.02174135151720273 0.021064418733966694 0.9995416969279499 0 0 0 0 0 0
-0.7861714959144592 0.20971298217773438 -8.314926147460938 0.8669135225069738 -0.46770332568276013 -0.1723790696106589 0.0904724728502819 -0.19243998701432138 0.9771292560630261 0 0 0 0 0 0
-0.8536357879638672 -0.19132232666015625 -7.980293273925781 0.9944516559044471 -0.005295695773963771 -0.10506121870211178 0.09123781008032937 -0.4536922554603586 0.8864756056130583 0 0 0 0 0 0
-0.7850910425186157 -0.6199913024902344 -7.558662414550781 0.8740093481154809 0.4813573766487565 -0.0663531110994743 0.34130762317391516 -0.5109667354003873 0.7889373243025352 0 0 0 0 0 0
-0.4440258741378784 -1.0298347473144531 -7.365745544433594 0.38459032273213895 0.89840615505239 0.21202986635087628 0.4304447343118427 -0.37773755369418427 0.8197753785228857 0 0 0 0 0 0
0.10985449701547623 -1.1575355529785156 -7.1890106201171875 -0.1920910552992587 0.9085059897657264 0.37110361495654365 0.5854503016395509 -0.19740310299071775 0.7863078018433972 0 0 0 0 0 0
0.5939689874649048 -1.1174659729003906 -6.929389953613281 -0.6458178230969438 0.6382986237126576 0.41892028637540574 0.4939231046297132 -0.06911592623857722 0.8667542647447021 0 0 0 0 0 0
0.9066277742385864 -0.8024177551269531 -6.6239776611328125 -0.854398683806704 0.03292975661610317 0.5185735437125344 0.518823322782203 0.10923699576583848 0.8478735981815264 0 0 0 0 0 0
1.0262588262557983 -0.5724372863769531 -6.227897644042969 -0.7504509718559914 -0.5391207912079046 0.3823246151214451 0.3895263072230172 0.1065479750998777 0.9148315609899538 0 0 0 0 0 0
0.9438564777374268 -0.4221916198730469 -5.7633514404296875 -0.42627915560645346 -0.8956121369063846 0.1271415814021065 0.18390988452625395 0.05181066795754533 0.981576695454478 0 0 0 0 0 0
0.7417361736297607 -0.3271751403808594 -5.337501525878906 0.1800238521372939 -0.983088494703248 0.03359202649069886 0.11879167204290719 0.055627867087333964 0.9913597122420118 0 0 0 0 0 0
0.4425918757915497 -0.4475364685058594 -4.954505920410156 0.8232982963542345 -0.5644736938750027 0.05957654020942267 -0.02890964956312423 0.06312342361120347 0.9975869213024688 0 0 0 0 0 0
0.41890719532966614 -0.6765975952148438 -4.4799346923828125 0.9620698237907732 -0.20894384661345872 -0.17539704419847502 0.18627012095004758 0.03339210331939362 0.9819309596286092 0 0 0 0 0 0
0.5392435789108276 -0.9791069030761719 -4.114040374755859 0.7969275620281401 0.596103173981917 -0.09781342877422083 0.1836862543350108 -0.08487557444808182 0.9793137887472443 0 0 0 0 0 0
0.7622051239013672 -1.1731719970703125 -3.600696563720703 0.3952512496480915 0.8902177982749121 -0.2264701333204666 0.15413771612297952 0.17877345414096196 0.9717415379425236 0 0 0 0 0 0
1.1431550979614258 -1.1048316955566406 -3.218914031982422 -0.21917705783739688 0.9289920854331436 -0.29821992307745115 0.24557099014571498 0.3483370284252027 0.9046304236685568 0 0 0 0 0 0
1.4770725965499878 -0.7934608459472656 -2.830291748046875 -0.7284828472909077 0.6260610660645857 -0.2781371653717039 0.1481107053601122 0.5403323302367624 0.8283140659548408 0 0 0 0 0 0
1.6305508613586426 -0.39640045166015625 -2.570880889892578 -0.9783158997773159 0.16391972190047124 -0.12660302135009702 0.0011271686354607292 0.6154640279962964 0.7881641705466198 0 0 0 0 0 0
1.6109095811843872 0.11373138427734375 -2.3227996826171875 -0.9091102777135279 -0.40529019460481164 0.09622037784599465 -0.153385983305317 0.5404639980248807 0.8272674337627602 0 0 0 0 0 0
1.3856035470962524 0.5359458923339844 -1.9926261901855469 -0.5659406905143222 -0.8048941744930833 0.17848390035874448 -0.35603673715443745 0.4338670823506509 0.8276455742943084 0 0 0 0 0 0
0.9736858606338501 0.7546844482421875 -1.6702728271484375 0.00119735762295565 -0.9538133293606391 0.3003975683468422 -0.3692797803396937 0.27874337787188547 0.8865295105775324 0 0 0 0 0 0
0.5092490315437317 0.7014350891113281 -1.3402366638183594 0.5811309371082124 -0.7391020872582574 0.3406096571534904 -0.39933123196316905 0.10570522688252866 0.910692578309767 0 0 0 0 0 0
0.2468010038137436 0.4095268249511719 -1.0615081787109375 0.8497570018731117 -0.15226255240505332 0.5047069970811966 -0.5141470539631234 -0.027846946039531185 0.8572498786802555 0 0 0 0 0 0
0.04490671679377556 0.013580322265625 -0.6941184997558594 0.776872260466797 0.3973226173255281 0.4884713181741596 -0.48246319342784355 -0.12286608084599364 0.8672561289290224 0 0 0 0 0 0
-0.02711987867951393 -0.15940475463867188 -0.24185562133789062 0.4829277529871534 0.8186662015453628 0.3107514052133419 -0.22246423863309273 -0.22852943590221947 0.9477784337362883 0 0 0 0 0 0
0.20281852781772614 -0.3087806701660156 0.24654769897460938 -0.025647597093791413 0.9957777173866018 0.08814158110474174 -0.032185271310789354 -0.0889474061932784 0.9955161813060294 0 0 0 0 0 0
0.3928501009941101 -0.319854736328125 0.7892608642578125 -0.4792337758355337 0.8614756507848887 -0.16791274878093648 -0.11301866385078317 0.12914950721685 0.9851635328243877 0 0 0 0 0 0
0.5317473411560059 0.013347625732421875 1.2197685241699219 -0.9449370018237964 0.2626194865018861 -0.19525641575564248 -0.18253886876156605 0.07223128920897075 0.9805417901601429 0 0 0 0 0 0
0.5044671297073364 0.3908271789550781 1.5236053466796875 -0.979062328475175 -0.20009215953836298 -0.03741770506114391 -0.13008597678897904 0.47362676723677166 0.8710656255413264 0 0 0 0 0 0
0.27994078397750854 0.743255615234375 1.8220863342285156 -0.6486776003699596 -0.7364953957756523 0.19181215493168427 -0.20266980735347911 0.4100965104933696 0.8892388887517603 0 0 0 0 0 0
-0.05317779630422592 0.9458160400390625 2.272357940673828 -0.043281825412387634 -0.9957880264920449 0.08082629450896514 -0.25291760616938536 0.08918787109548908 0.9633681581508713 0 0 0 0 0 0
-0.47391650080680847 0.8384056091308594 2.5618629455566406 0.60005142331578 -0.7312312829357888 0.32440576479586025 -0.3298926890648791 0.14324635358685464 0.9330869712334499 0 0 0 0 0 0
-0.7533679604530334 0.6449966430664062 3.0183143615722656 0.9230728973981033 -0.35066088584474797 0.15802964667317065 -0.12175059285455561 0.1233483154741634 0.9848664814122018 0 0 0 0 0 0
-0.9917492270469666 0.38016510009765625 3.4438247680664062 0.9977928933540171 -0.035027906160850636 0.05641265604636675 -0.055004633229835245 0.03993799053043315 0.9976870487460698 0 0 0 0 0 0
-0.9302101731300354 -0.00417327880859375 3.8714828491210938 0.6632946525489031 0.7363172125999167 0.13370552093731555 -0.02309798284057036 -0.158436883001476 0.9870988994490235 0 0 0 0 0 0
-0.6863880157470703 -0.155242919921875 4.322643280029297 0.07884658353473988 0.9963515998906501 0.0326604601964065 0.15071929480185414 -0.044300258322941474 0.987583505981622 0 0 0 0 0 0
-0.3704563081264496 -0.09064102172851562 4.722866058349609 -0.4299378551434261 0.8994741527467419 0.07810050739400604 0.2750220381962502 0.04808092657255088 0.9602349207388291 0 0 0 0 0 0
-0.08270075917243958 0.20417404174804688 5.086936950683594 -0.9164519570701197 0.3827160448869168 0.11680855862676821 0.14917260645703928 0.05589682947312545 0.9872300025514146 0 0 0 0 0 0
0.06272584944963455 0.5234413146972656 5.501789093017578 -0.9878296166092019 -0.019208108602235516 0.1543492698837348 0.14213152423576084 0.2915929196518592 0.9459239922040902 0 0 0 0 0 0
-0.027623023837804794 0.8687973022460938 5.940601348876953 -0.6816852812950047 -0.7275071886578516 0.07770757824626445 0.04724064584760063 0.06222182993387264 0.9969437121821784 0 0 0 0 0 0
-0.22413420677185059 1.0077590942382812 6.447456359863281 -0.2790985183527175 -0.9579649521394425 -0.06638650108111781 -0.18126569856072156 -0.015332325028247025 0.9833146324216485 0 0 0 0 0 0
-0.6915077567100525 0.9486503601074219 6.895694732666016 0.33857054336958575 -0.9345394089532755 -0.10957226052101818 -0.23999068205965474 -0.1983645415372691 0.9502925766232475 0 0 0 0 0 0
-1.0220264196395874 0.6011695861816406 7.279865264892578 0.8798473446726075 -0.45796528357149596 -0.12702932384233617 -0.023892101251846903 -0.3095703452595785 0.9505763350902636 0 0 0 0 0 0
-1.015511155128479 0.07434463500976562 7.528129577636719 0.9520101000030098 0.28165913316252716 0.11977020580425342 -0.04960372705318263 -0.24416053047858904 0.9684653352695941 0 0 0 0 0 0
-0.8275931477546692 -0.2816162109375 7.884197235107422 0.7559361744064166 0.638894847666512 0.14273707944670844 0.2355060025156165 -0.4688418392929418 0.8513073783936833 0 0 0 0 0 0
-0.5106377005577087 -0.5787467956542969 8.25503158569336 0.2505115699427471 0.944523659631333 0.2124123577418559 0.2332306814929026 -0.27182702404232484 0.9336559956486381 0 0 0 0 0 0
-0.12459585070610046 -0.66168212890625 8.565204620361328 -0.3236980777191968 0.9198842598353848 0.22143284080732734 0.4150558462421652 -0.07225856282954436 0.9069219065597703 0 0 0 0 0 0
0.26967301964759827 -0.4824943542480469 8.956535339355469 -0.8357223614428589 0.512662347257633 0.196838645313022 0.28566875365192684 0.09973022992815589 0.9531249888789151 0 0 0 0 0 0
0.3894044756889343 -0.15053558349609375 9.42801284790039 -0.9548699223813242 -0.2812559232253912 0.09549103089880745 0.10346425634339242 -0.013600564186905162 0.99454018134669 0 0 0 0 0 0
0.2983752191066742 0.04383087158203125 9.895103454589844 -0.8088960357468954 -0.586261210853968 -0.04455329394103893 -0.1723318079015185 0.16396107878641605 0.9712973348200792 0 0 0 0 0 0
0.0004955633194185793 0.24919891357421875 10.406578063964844 -0.3190298968161573 -0.9144447070411148 -0.24901968336250419 -0.23559427788256165 -0.17798284776462328 0.95541480108411 0 0 0 0 0 0
-0.36408790946006775 0.28314208984375 10.849552154541016 0.27267542095748054 -0.9386615809977318 -0.21109843951223164 -0.1902712256530045 -0.2676910024284967 0.9445307765802713 0 0 0 0 0 0
-0.622328519821167 -0.037357330322265625 11.235424041748047 0.8157071202379385 -0.56022221100764 -0.14412830494681056 0.015953447417816242 -0.2272747935341622 0.9736999824070508 0 0 0 0 0 0
-0.6485059261322021 -0.4927711486816406 11.53586196899414 0.9863881503164871 -0.08492192313158436 -0.14080725793385968 0.08553835430473333 -0.46633172546172036 0.880464599953191 0 0 0 0 0 0
-0.5842294096946716 -0.9466171264648438 11.84463882446289 0.888130956046423 0.45614835603248993 0.05614340745736372 0.21793833777243393 -0.5255498603520457 0.8223747474314457 0 0 0 0 0 0
-0.3111629784107208 -1.3307456970214844 12.037891387939453 0.426569723496153 0.8462135503018972 0.3193131664712152 0.0539952244441607 -0.37624130536476585 0.9249470232800588 0 0 0 0 0 0
0.029299046844244003 -1.4509468078613281 12.382354736328125 -0.18889757563091872 0.8616627904020189 0.47101479972222493 0.3708811799896099 -0.38152461698184503 0.8466912760660589 0 0 0 0 0 0
0.45050349831581116 -1.512603759765625 12.817611694335938 -0.4603670733297423 0.8206541918568385 0.33850975640534664 0.37327640687601044 -0.16702140880176902 0.912561544813065 0 0 0 0 0 0
0.7531528472900391 -1.2547340393066406 13.12551498413086 -0.896803545905818 0.11960210082509265 0.4259562624600978 0.4046904715432449 -0.16732900762831954 0.8990142520829288 0 0 0 0 0 0
0.9161421060562134 -1.110870361328125 13.581836700439453 -0.8685836192289017 -0.4257083161870933 0.25364330453684786 0.3195235699224515 -0.08989747197791832 0.9433043691174083 0 0 0 0 0 0
0.765588104724884 -0.8235015869140625 14.02203369140625 -0.4697518517659559 -0.8785246545010659 0.08676191097617868 0.30192666998050466 -0.0675286077868822 0.9509364716345929 0 0 0 0 0 0
0.5651281476020813 -0.7523231506347656 14.536636352539062 0.024643675215611654 -0.9948643357495845 -0.09817149650181416 0.000653648020447992 -0.09818526409583353 0.9951679389222188 0 0 0 0 0 0
0.29504188895225525 -0.8379058837890625 14.953392028808594 0.6595141620670787 -0.7447691058723699 -0.10178432576300658 0.11851214845956728 -0.03069176644371421 0.9924781539863041 0 0 0 0 0 0
0.23212642967700958 -1.1405906677246094 15.404220581054688 0.9613287366114973 -0.14292778298592 -0.23541178605939034 0.19361811320039968 -0.2571395176354465 0.9467794329784142 0 0 0 0 0 0
0.35484230518341064 -1.4558525085449219 15.798725128173828 0.9082207528565939 0.27392814835258916 -0.31638336495575103 0.40001177556687034 -0.34605853931148917 0.8486660513873747 0 0 0 0 0 0
0.5435306429862976 -1.8001022338867188 16.164569854736328 0.6245221681605352 0.7627480172880833 -0.16789140418485327 0.389259828289529 -0.11762467313260673 0.9135870086370833 0 0 0 0 0 0
0.8916279673576355 -1.9424018859863281 16.559608459472656 0.20594059239392074 0.9718218065655804 -0.11467714980785293 0.45692174373658134 0.008132270667320635 0.8894697219548935 0 0 0 0 0 0
1.3814846277236938 -1.81463623046875 16.903064727783203 -0.44193311957389697 0.8966777240851023 -0.025771630783577075 0.26505396100650264 0.1579722868523238 0.9512051063474221 0 0 0 0 0 0
1.7170345783233643 -1.5118637084960938 17.11113739013672 -0.8266849842515158 0.5269226341309624 0.19734354424089723 0.41511463554080175 0.33439350650494126 0.8460855879680006 0 0 0 0 0 0
1.967340111732483 -1.1413040161132812 17.49964141845703 -0.9473639073734375 0.10577907297052289 0.3021794412722839 0.3158128121293682 0.46374298971833344 0.8277709267557313 0 0 0 0 0 0
1.9168545007705688 -0.6623420715332031 17.76428985595703 -0.6958252168838679 -0.5565864040423593 0.45391501669774487 0.21223086095111168 0.4444396891498227 0.8703053627137771 0 0 0 0 0 0
1.7835203409194946 -0.40651702880859375 18.146732330322266 -0.0909879676560664 -0.9149187080860502 0.39324921784533956 0.11558103195555466 0.3825164839472249 0.9166908773194712 0 0 0 0 0 0
1.5384540557861328 -0.29071807861328125 18.66836166381836 0.2881495329194133 -0.9490138300099665 0.12783816772833584 -0.1076239961153579 0.10055915687008271 0.9890929842182381 0 0 0 0 0 0
1.2893162965774536 -0.494537353515625 19.09966278076172 0.920380823253182 -0.38213150510763405 0.08291352719532034 -0.07480471400771907 0.0360565143863354 0.9965461266456919 0 0 0 0 0 0
2.3315625190734863 -1.0459976196289062 19.011184692382812 -0.8628016750113625 0.44643136186138926 0.23721785081265026 -0.37645686104118525 -0.25418080322490916 -0.8908829053511791 0 0 0 0 0 0
2.0083882808685303 -1.3342475891113281 18.709049224853516 -0.42732560325382607 0.8984927249321112 0.1005169241860441 -0.47859210632006866 -0.130481880208419 -0.8682880136829001 0 0 0 0 0 0
1.5626649856567383 -1.4235000610351562 18.56739044189453 0.1846010910468649 0.9516524288623753 -0.24552004363116434 -0.42227587674923656 -0.14877825268350198 -0.894174544171387 0 0 0 0 0 0
1.1312010288238525 -1.3305549621582031 18.322242736816406 0.7199425200115808 0.5097658040994215 -0.47097939747959766 -0.4755031528101655 -0.13202131367147724 -0.8697511853421356 0 0 0 0 0 0
0.8068164587020874 -1.1718101501464844 17.902664184570312 0.9280389902173856 0.007158145049413839 -0.37241427684199613 -0.3724240536147721 0.00003545863608892377 -0.9280626719310646 0 0 0 0 0 0
0.7777506113052368 -0.8742218017578125 17.406044006347656 0.7766570131504458 -0.5761412003057307 -0.254686476347882 -0.2259608018591481 0.12259619643344152 -0.9663911675109742 0 0 0 0 0 0
0.7630392909049988 -0.6999664306640625 16.921550750732422 0.548184371061602 -0.8345055137158808 -0.05562771702658498 -0.08436392073188799 0.01099938172427425 -0.9963742983841101 0 0 0 0 0 0
1.0185284614562988 -0.7371177673339844 16.456634521484375 -0.05396459818814861 -0.9957874867994783 0.07412896381287565 0.0248609105247008 -0.07555398565604483 -0.996831746273848 0 0 0 0 0 0
1.293212652206421 -0.9252090454101562 16.019744873046875 -0.5580345254652544 -0.8275832862771948 0.060855342110673574 0.08173368595894044 -0.12779533413897845 -0.9884270115450469 0 0 0 0 0 0
1.4500775337219238 -1.1633872985839844 15.50582504272461 -0.9439264398045379 -0.2591069147112338 0.2046130078630281 -0.1875736437698859 -0.08913785361583466 -0.9781976135810443 0 0 0 0 0 0
1.2909554243087769 -1.5628280639648438 15.141609191894531 -0.8558236383838513 0.48645253224959173 0.17586879726485574 -0.2629122350467101 -0.11627342249307622 -0.9577878929515083 0 0 0 0 0 0
0.9987266063690186 -1.7909889221191406 14.76495361328125 -0.48792318151401387 0.846591539008643 0.21263521585151351 -0.4954272193078444 -0.06802838557806011 -0.8659815293206549 0 0 0 0 0 0
0.5889858603477478 -1.9484748840332031 14.450054168701172 0.07538184372643383 0.9970882928591371 0.011511467311137457 -0.46379539197656117 0.04527875846313841 -0.8847845321960284 0 0 0 0 0 0
0.12796026468276978 -1.8631858825683594 14.19760513305664 0.5478059351834224 0.8158785280492596 -0.18506994582046452 -0.46435534631205994 0.11251389650382804 -0.878472956581438 0 0 0 0 0 0
-0.22040961682796478 -1.5582313537597656 13.869983673095703 0.9194218161856931 0.3481696921043009 -0.18286987018587264 -0.32505143707920414 0.41103231711576443 -0.8517006501930064 0 0 0 0 0 0
-0.3515367805957794 -1.1599235534667969 13.517021179199219 0.9692693397264058 -0.030741997257853107 -0.24407350669610822 -0.20137429621220898 0.470725641948646 -0.8589911308256173 0 0 0 0 0 0
-0.34886878728866577 -0.6828727722167969 13.219005584716797 0.7030847232184333 -0.595655217703388 -0.38841567115602915 -0.05880651849841703 0.49563905759150184 -0.8665354683865535 0 0 0 0 0 0
-0.14800816774368286 -0.3908195495605469 12.81899642944336 0.14555254428830822 -0.9318006489212739 -0.33250865781373723 0.005703193526812252 0.33687247595785474 -0.9415330097907456 0 0 0 0 0 0
0.20281092822551727 -0.3017387390136719 12.474185943603516 -0.3549376627064702 -0.853862939098251 -0.380706365624433 0.11407525004182915 0.36462176276740355 -0.9241416598359181 0 0 0 0 0 0
0.4163375794887543 -0.346038818359375 11.973365783691406 -0.7881289815741351 -0.595472283413832 -0.15577377214676946 0.024450329999548052 0.2225928290236485 -0.9746048500957515 0 0 0 0 0 0
0.4918939769268036 -0.49187469482421875 11.472103118896484 -0.9961747685229329 -0.08394572901452345 0.024268191908368646 -0.039094400789834616 0.17976951159948654 -0.9829316102996007 0 0 0 0 0 0
0.3670649826526642 -0.7304344177246094 11.025218963623047 -0.8296184751133522 0.5521129011849292 0.08309350212716343 -0.056897942991492464 0.06444747432789584 -0.9962977201299279 0 0 0 0 0 0
-0.004562814719974995 -0.7965354919433594 10.613548278808594 -0.29081606729243414 0.9398111942569177 0.179390451679984 -0.29330884209311886 0.09089550855000479 -0.9516868863630673 0 0 0 0 0 0
-0.3985532522201538 -0.8189048767089844 10.312679290771484 0.3844813999038835 0.9222832200312004 -0.03959438314749162 -0.10923632223904632 0.002864689215560683 -0.9940116797399241 0 0 0 0 0 0
-0.6368466019630432 -0.7495498657226562 9.888206481933594 0.6681501626323088 0.7440264322258966 0.00016829623433043474 -0.27303373486201765 0.24539999108477853 -0.9301781678812334 0 0 0 0 0 0
-0.7884905338287354 -0.34439849853515625 9.585708618164062 0.9809315891372977 0.12428065720264479 -0.14942401305631697 -0.1690713194197352 0.1664841773589429 -0.9714411498586963 0 0 0 0 0 0
-0.7999331951141357 0.035549163818359375 9.28884506225586 0.870754501745475 -0.37275107291465975 -0.3206918073960726 -0.12202410568376977 0.4679802987871769 -0.8752739900049248 0 0 0 0 0 0
-0.6189553737640381 0.3770179748535156 8.858100891113281 0.39831857077368316 -0.8648451433610543 -0.30558991177983524 -0.053936782230402346 0.31049916959993995 -0.9490421956901485 0 0 0 0 0 0
-0.3208051323890686 0.5692367553710938 8.533378601074219 -0.16631748151056353 -0.9465324232551533 -0.2764323915005449 0.15255485867705817 0.2522624445384225 -0.9555577817010976 0 0 0 0 0 0
-0.050739869475364685 0.5653572082519531 8.066478729248047 -0.5961981546401872 -0.7871395601038302 -0.15798440848129244 0.12958320453306707 0.09985366584771192 -0.9865279714836852 0 0 0 0 0 0
0.1561845988035202 0.3378143310546875 7.650119781494141 -0.9699989918835703 -0.2228679403930918 -0.09711764458531023 0.06895129680723162 0.13086925694921678 -0.9889989667609169 0 0 0 0 0 0
0.11209964007139206 0.14215469360351562 7.172206878662109 -0.9257383398789645 0.3388801055427004 0.16783563431377485 -0.18502855617264333 -0.018828675999319436 -0.9825527539836117 0 0 0 0 0 0
-0.1965266317129135 -0.099334716796875 6.7666015625 -0.5120701828161605 0.8518813085851413 0.10991980692255232 -0.12789557769858265 0.05092468827421048 -0.9904793775386342 0 0 0 0 0 0
-0.5441993474960327 -0.16666412353515625 6.2962493896484375 0.20387341215085306 0.9575033123329296 0.20401725096039458 -0.11034808875346636 0.22954122500720148 -0.96702333236104 0 0 0 0 0 0
-0.899687647819519 0.03868865966796875 5.981910705566406 0.7862893238027671 0.6177894756373826 -0.009233800164349307 -0.11116289878491258 0.12674960308325206 -0.9856862320495166 0 0 0 0 0 0
-1.081845760345459 0.466278076171875 5.687034606933594 0.98097881002955 -0.07169377633126886 -0.18039006820878573 -0.1771138761893807 0.049743476956428695 -0.9829324805709994 0 0 0 0 0 0
-1.136539340019226 0.7022438049316406 5.241935729980469 0.8921980664513007 -0.4475332323322544 -0.060799804101696914 -0.027296919273348784 0.08093997698123956 -0.9963451200886472 0 0 0 0 0 0
-0.9442006945610046 0.9799652099609375 4.8005828857421875 0.48329018628993925 -0.8751565559495686 -0.0230564180723105 0.03106098966031076 0.04346075982769779 -0.9985721692879895 0 0 0 0 0 0
-0.5589584112167358 1.0490493774414062 4.343311309814453 -0.11096292435326546 -0.9892208868508662 0.09554719481469441 0.06491014555025015 -0.10314943156869846 -0.9925456502205326 0 0 0 0 0 0
-0.09930343925952911 0.8733406066894531 4.03900146484375 -0.6957656948421663 -0.7001896428479687 -0.16013919548078034 0.3224518309355662 -0.10526524696308266 -0.9407146456328308 0 0 0 0 0 0
0.15176187455654144 0.4922676086425781 3.7472610473632812 -0.9330882305262844 -0.2252128148638296 -0.2804024644585677 0.3264825155309941 -0.20340449676878808 -0.9230578409540706 0 0 0 0 0 0
0.23774050176143646 0.14235305786132812 3.3720474243164062 -0.7527252989447374 0.5099925457611055 -0.41630785195172854 0.20309551721481292 -0.4216311763352604 -0.8837303672667316 0 0 0 0 0 0
0.1496078222990036 -0.10344696044921875 2.829875946044922 -0.5967832795827894 0.7840334956781811 -0.17070792267806992 0.16131134295789976 -0.0911744973018765 -0.9826829914447839 0 0 0 0 0 0
-0.11145719885826111 -0.22972488403320312 2.391448974609375 0.07439246971625824 0.9846260770419261 -0.15804192120618715 -0.012540382928696978 -0.15754485498415094 -0.9874322039836583 0 0 0 0 0 0
-0.4830789566040039 -0.22333908081054688 1.9889106750488281 0.6010293865104727 0.7971928291813928 -0.05698481949266454 -0.12454763076259039 0.022994256910129976 -0.9919471517276395 0 0 0 0 0 0
-0.6533705592155457 0.06965255737304688 1.5695762634277344 0.9616700395728892 0.27373819445805586 0.016066607691775387 0.0002642575872541479 0.05766729564759384 -0.9983358218458461 0 0 0 0 0 0
-0.5547986030578613 0.35345458984375 1.0250282287597656 0.9856571994827068 -0.10943702461950335 0.12846564813341332 0.14239294232793603 0.1307436182267603 -0.9811372769741085 0 0 0 0 0 0
-0.3087872862815857 0.69354248046875 0.6347084045410156 0.6655241349875114 -0.7410448418370255 0.08905149148589618 0.28794462426959416 0.14484316993431956 -0.9466299960795771 0 0 0 0 0 0
0.05217849835753441 0.8728103637695312 0.3248291015625 0.10542241035162529 -0.9920896699559117 -0.06814838341753605 0.3789582301484233 0.10343917583587746 -0.9196145913942259 0 0 0 0 0 0
0.5385544896125793 0.8798027038574219 0.046985626220703125 -0.4074364789427147 -0.8950589318562691 -0.18128713173051536 0.43660263220053325 -0.016557218461865822 -0.8995020845291978 0 0 0 0 0 0
1.289231777191162 1.4817886352539062 0.6190605163574219 0.6470863450442056 -0.14063946527168197 -0.7493329052333325 -0.21810079280454653 0.9076202077980682 -0.3586887265786587 0 0 0 0 0 0
1.5095105171203613 1.9000091552734375 0.5200653076171875 -0.41774048771758693 -0.3859568953146371 -0.8225145347533735 -0.4415309074515362 0.8774395270411296 -0.18748422373859086 0 0 0 0 0 0
1.5906442403793335 2.595897674560547 0.5416069030761719 -0.9082838433108886 0.12564937762407025 -0.39903971466896 0.15255668105588646 0.9876292649328202 -0.036261468716393644 0 0 0 0 0 0
1.6583900451660156 3.1227798461914062 0.4321746826171875 -0.939744151331227 -0.09324681843292117 -0.3289163433015903 -0.026992760983704255 0.9793190557076737 -0.20051328629870663 0 0 0 0 0 0
0.8402583599090576 3.6252059936523438 0.8931541442871094 -0.6031629495153635 0.249895191832717 -0.7574607906887437 0.17972680790122147 -0.8826500355610585 -0.43431231763064226 0 0 0 0 0 0
0.636355996131897 3.304729461669922 0.7248268127441406 0.4554586738473582 0.3609272526566977 -0.813811350809814 0.23547544661990016 -0.9304149256703494 -0.2808547313630248 0 0 0 0 0 0
0.4687509834766388 2.9918174743652344 0.3463401794433594 0.9428307317446654 0.16122684646278324 -0.2916781021219886 0.12013233953159198 -0.9807709306729749 -0.15380703022142067 0 0 0 0 0 0
0.5121622085571289 2.635753631591797 -0.002094268798828125 0.7525200870268766 0.0037697950216153677 0.6585585070945156 -0.04008602036352875 -0.9978672545736109 0.051517504026683515 0 0 0 0 0 0
0.7016642093658447 2.2071456909179688 -0.13687896728515625 -0.11730078872823575 0.05048874800292312 0.9918121854912002 -0.21455329610632484 -0.976409213905668 0.02432961425973023 0 0 0 0 0 0
0.8570089936256409 1.6850128173828125 -0.020633697509765625 -0.5618252288035481 0.24429796711983662 0.7903612563511422 -0.4451301449307077 -0.894576132788636 -0.03990860457214647 0 0 0 0 0 0
0.9454561471939087 0.6322059631347656 -0.19691848754882812 -0.7410954955000306 -0.6121873252077445 -0.2756884934206565 0.5806932136467936 -0.37833674471968587 -0.7208721795294021 0 0 0 0 0 0
1.1751835346221924 0.24554824829101562 -0.3894920349121094 -0.7351793367863171 0.13665511353807422 -0.663955361983264 0.5725302461817348 -0.39923185950064854 -0.7161166382417997 0 0 0 0 0 0
1.198091745376587 -0.1235198974609375 -0.8575439453125 -0.6093197570808437 0.6218384434943133 -0.49198209705588986 0.3133135686386907 -0.38115741171863565 -0.8698009169912614 0 0 0 0 0 0
0.9786138534545898 -0.3613243103027344 -1.2711257934570312 0.006317007205381539 0.9259119038797882 -0.3776866977716757 0.14024365793214988 -0.3747816568365226 -0.9164444479119731 0 0 0 0 0 0
0.7589737772941589 -0.4479713439941406 -1.7291908264160156 0.39029620203396637 0.8972181241638632 -0.2065635794367928 0.05593974210495463 -0.24705230787111557 -0.967386118583881 0 0 0 0 0 0
0.5393191576004028 -0.3668670654296875 -2.192352294921875 0.7881842053151923 0.5702773975555682 -0.231407321251743 -0.2032816545640799 -0.11366453118989209 -0.9725003564354474 0 0 0 0 0 0
0.4357846677303314 -0.20949554443359375 -2.6352005004882812 0.9795911996050504 -0.1963898359648868 -0.04280320065162495 -0.08227862137451901 -0.19750200246701002 -0.9768434815702206 0 0 0 0 0 0
0.5866638422012329 -0.02883148193359375 -3.097576141357422 0.7917554787612296 -0.559525453333685 0.2450602556991046 0.10845007125235086 -0.2660510202016458 -0.9578389408950878 0 0 0 0 0 0
0.8588930368423462 0.000576019287109375 -3.6135787963867188 0.34309972868337185 -0.8678866476071655 0.3592427356016991 0.27826293452301576 -0.27137635958925777 -0.9213710494294477 0 0 0 0 0 0
1.1868582963943481 -0.08562088012695312 -3.959697723388672 -0.425111347582908 -0.8531903038577624 0.3022360791820578 0.16967971499058823 -0.4031091907527096 -0.8992840344693152 0 0 0 0 0 0
1.5194004774093628 -0.30890655517578125 -4.249870300292969 -0.8053324818835905 -0.5749856455396052 0.14432983422224246 0.13361866828146082 -0.41325207476130815 -0.9007601091257114 0 0 0 0 0 0
1.6020302772521973 -0.7537765502929688 -4.587329864501953 -0.9963127467036845 -0.07614806797274258 0.03952698445085783 0.004580309928344757 -0.5072615318922067 -0.8617799945597092 0 0 0 0 0 0
1.394861102104187 -1.1717681884765625 -4.896327972412109 -0.6914354269097414 0.7022410502763264 -0.16963065088876467 -0.16734023073266488 -0.38409851202131917 -0.9080008701765364 0 0 0 0 0 0
1.0935497283935547 -1.5003852844238281 -5.281654357910156 -0.27625084486489027 0.9524579165622065 -0.12848886290031203 -0.5145708172028757 -0.259493627892122 -0.8172392129398525 0 0 0 0 0 0
0.617840588092804 -1.5180473327636719 -5.644721984863281 0.30050508090275857 0.9484936609348962 -0.10028196008228372 -0.5458244602103279 0.08479571597908724 -0.8335978318036211 0 0 0 0 0 0
0.18508891761302948 -1.2589187622070312 -5.6983489990234375 0.6586552027926782 0.537522566162832 -0.5265385215726003 -0.7185860442381352 0.2417970321494414 -0.652049302023943 0 0 0 0 0 0
-0.1260451078414917 -0.8321075439453125 -6.034461975097656 0.8934284321024963 0.12683875768176112 -0.43092640469182497 -0.4482135814162434 0.31543148962855516 -0.8364254663654948 0 0 0 0 0 0
-0.1727343201637268 -0.3815422058105469 -6.3418426513671875 0.6433198869096288 -0.6033060838936836 -0.47133989035880475 -0.40717840175034975 0.2517405722542152 -0.877970633580162 0 0 0 0 0 0
-0.09117040783166885 -0.07229232788085938 -6.708587646484375 0.1778828160208333 -0.874002168298115 -0.45219234134900155 -0.17966010101417607 0.4229530860191715 -0.8881626737993642 0 0 0 0 0 0
-0.052232638001441956 0.08513641357421875 -7.184478759765625 -0.18279390868139142 -0.973035345784112 -0.14067196879184093 -0.0015068135078523982 0.1433598394828993 -0.9896694831793541 0 0 0 0 0 0
0.24046970903873444 0.02862548828125 -7.659950256347656 -0.7596232759658635 -0.6503472334202762 -0.004577618756757918 -0.11569218076987096 0.1420512180350173 -0.9830751602819997 0 0 0 0 0 0
0.32349711656570435 -0.1467742919921875 -8.144111633300781 -0.9746537413540657 -0.13207822070293376 0.18056973190562486 -0.18731577594984053 0.04046849566116344 -0.981465792037212 0 0 0 0 0 0
0.17202721536159515 -0.4493980407714844 -8.45880126953125 -0.7903641479159347 0.6036550812040639 0.10452299567862494 -0.18362671475472853 -0.07065631411396565 -0.9804534231182093 0 0 0 0 0 0
0.0014331593411043286 -0.6656761169433594 -8.837936401367188 -0.5186091093758796 0.8284478725363588 0.2114679979626659 -0.4139276910683748 -0.02685634520352976 -0.9099135141809429 0 0 0 0 0 0
-0.47171297669410706 -0.7598037719726562 -9.05706787109375 0.16105093527426212 0.9784253442596647 -0.1294080444085381 -0.37576297339102105 -0.060456362181903395 -0.9247417023688665 0 0 0 0 0 0
-0.9093251824378967 -0.6072158813476562 -9.36279296875 0.6608387061547324 0.6711219793022577 -0.33598734104897365 -0.46021716889526265 0.008719731143591538 -0.8877635517089069 0 0 0 0 0 0
-1.2361220121383667 -0.3680229187011719 -9.828559875488281 0.8867139860996165 0.29474229586942957 -0.35618153500840927 -0.4152361338382059 0.16900609700440555 -0.8938768887998153 0 0 0 0 0 0
-1.4189462661743164 0.048397064208984375 -10.170600891113281 0.9048864068382471 -0.314546264231922 -0.2867773323976432 -0.25095937756066694 0.14993031902763632 -0.9563159991606508 0 0 0 0 0 0
-1.2902295589447021 0.4603233337402344 -10.487640380859375 0.5205361833585109 -0.8199694377389692 -0.2381012452478847 -0.10372630470071248 0.21606668021247927 -0.9708532553455714 0 0 0 0 0 0
-1.0638370513916016 0.6374588012695312 -10.994697570800781 0.06214369103878737 -0.9727011770661509 -0.22358573701871198 -0.03827232366398069 0.22153152757902247 -0.9744018737306823 0 0 0 0 0 0
-0.7798491716384888 0.5872459411621094 -11.4727783203125 -0.6138203952859363 -0.7822842456366219 -0.10609373855114304 0.04345036028299882 0.1007088232042939 -0.9939666992007751 0 0 0 0 0 0
-0.6720854640007019 0.5713310241699219 -11.989814758300781 -0.8237570200860795 -0.5628376771971101 0.06810375163134572 0.045409899853684065 -0.18524048953318 -0.9816434699180686 0 0 0 0 0 0
-0.5124969482421875 0.15774917602539062 -12.297348022460938 -0.9974036803679441 0.05070175549856231 -0.05113932320479022 0.04387821675465952 -0.13521554451708948 -0.9898441587519614 0 0 0 0 0 0
-0.6134794354438782 -0.15280532836914062 -12.656494140625 -0.7586643551181173 0.6501591642377954 -0.04149044987491143 -0.05695167536225923 -0.12962928232004423 -0.9899256314686585 0 0 0 0 0 0
-0.8988419771194458 -0.31743621826171875 -13.144081115722656 -0.4224048689345183 0.904227016501503 0.06283016257501788 -0.34355575202103117 -0.09557349527583772 -0.9342564702767776 0 0 0 0 0 0
-1.4051287174224854 -0.19721603393554688 -13.38104248046875 0.4522664233702266 0.8898636776109834 -0.05998097665559206 -0.2664879823148983 0.07064803432464688 -0.9612455516296542 0 0 0 0 0 0
-1.7030218839645386 0.1315765380859375 -13.760101318359375 0.9115112447109478 0.4040432265672497 -0.07678751090265071 -0.20582144794858565 0.2864980362443956 -0.9357117113686526 0 0 0 0 0 0
-1.883683204650879 0.5233268737792969 -14.116981506347656 0.9747497063129723 -0.07933473120107826 -0.2087319105168802 -0.15958309910836707 0.4063464294301894 -0.8996753935549785 0 0 0 0 0 0
-1.8772562742233276 0.9460182189941406 -14.613555908203125 0.8206898265102325 -0.5607605898068602 -0.1096164658345943 -0.018032747511458717 0.1663314626053619 -0.9859049977379916 0 0 0 0 0 0
-1.5952796936035156 1.2360992431640625 -14.959327697753906 0.39540599160100776 -0.904333287980944 -0.16073396049248162 0.1313860321704066 0.22888269769297429 -0.9645467439410614 0 0 0 0 0 0
-1.268943428993225 1.322509765625 -15.347503662109375 -0.3103939192949681 -0.9444504349216504 -0.1080231032743193 0.25974729895010723 0.025047695571231154 -0.965351725349209 0 0 0 0 0 0
-0.8884842395782471 1.1513900756835938 -15.726310729980469 -0.8483306741089903 -0.5199092737326013 -0.10014696427064028 0.0737501747918498 0.0712707674349074 -0.9947267913489669 0 0 0 0 0 0
-0.7164186835289001 0.8941993713378906 -16.098838806152344 -0.9832654885338417 -0.060687221678102164 -0.1717732231265935 0.17614088721694018 -0.0759619607548496 -0.9814296553338441 0 0 0 0 0 0
-0.6901246309280396 0.656951904296875 -16.5577392578125 -0.8481402377429123 0.527025031030439 0.05387721029119213 -0.07145530109147293 -0.013033944277474997 -0.9973586397292094 0 0 0 0 0 0
-0.8385943174362183 0.477874755859375 -17.076950073242188 -0.31422967735567225 0.9172616854980244 0.2447257856995732 0.09351313817969621 0.2864359619940039 -0.9535248988172017 0 0 0 0 0 0
-1.1277549266815186 0.5521087646484375 -17.50621795654297 0.2624073507339911 0.9039222231311959 0.33773805946372815 0.038362039302125894 0.33995425114273564 -0.9396592260338659 0 0 0 0 0 0
-1.26894211769104 0.8106498718261719 -17.916748046875 0.7700993022086098 0.5251472158005737 0.362170493655568 0.024245784258774765 0.5432277917683962 -0.8392351924199254 0 0 0 0 0 0
-1.2785435914993286 1.423095703125 -18.147781372070312 0.9792956947922327 0.01359832693689027 0.20197779003126948 0.18698546974344332 0.3215334845876288 -0.9282524723337724 0 0 0 0 0 0
-1.0363489389419556 1.7571983337402344 -18.45990753173828 0.8649763664554375 -0.4959026826326504 0.07678811647181745 0.376668084319291 0.5405104002178382 -0.7523095516551601 0 0 0 0 0 0
-0.7024040818214417 2.110645294189453 -18.58257293701172 0.3938385633754144 -0.8702693991690158 -0.295841780126455 0.5044875573412139 0.47370021701133336 -0.7218728481466187 0 0 0 0 0 0
