t = 0
b = 76.168616 76.168616 76.168616
E = 0.000000 0.000000 0.000000
0.05949966914982173 -0.3019594868620461 -0.19663173173386836 0.43047544693096973 0.8754990242174921 0.21952755677545555 -0.07162461757763214 -0.20930508155492075 0.9752237163810906 0.0 0.0 0.0 0.0 0.0 0.0
0.34617672380057907 -0.2948109884949519 0.2837833607263051 -0.33694230319526064 0.9202220836466941 0.19915120156908372 0.0893082945683606 -0.17924017789409877 0.9797433271779822 0.0 0.0 0.0 0.0 0.0 0.0
0.5590037274007983 -0.30013647569852075 0.8286642991312514 -0.7646259289725956 0.6358277297862273 -0.1052154303212589 -0.16091176943625538 -0.03013027701909828 0.986508777894878 0.0 0.0 0.0 0.0 0.0 0.0
0.5595283517257572 -0.12389572082648509 1.394363406903029 -0.8104983676817262 0.45150636462842814 -0.373141258353024 -0.39322569894366516 0.05275933517226986 0.9179270135704942 0.0 0.0 0.0 0.0 0.0 0.0
0.45354934648195977 0.2700164357830477 1.8425765046568052 -0.8678137937083644 -0.3076386437261916 -0.3902021070366047 -0.4634113604747991 0.2176877952138016 0.858988902604597 0.0 0.0 0.0 0.0 0.0 0.0
0.1598269840338107 0.5702409603193237 2.107368220239492 -0.5257718379834863 -0.7986361735001054 -0.29282116856637297 -0.44984861596588327 -0.03106085495419734 0.8925645332428874 0.0 0.0 0.0 0.0 0.0 0.0
-0.2743680050090006 0.7859513187759255 2.3276551616185337 0.04253616857637295 -0.9987923127743275 0.02458841812220724 -0.43733263589392624 0.0035797500565600947 0.8992926948283317 0.0 0.0 0.0 0.0 0.0 0.0
-0.8918902573516334 0.7635097156111478 2.5071968807587495 0.6944318867365706 -0.6673566988966128 0.2690713494991657 -0.34800398711842245 0.01584543546334029 0.9373591345501776 0.0 0.0 0.0 0.0 0.0 0.0
-0.9931468654613758 0.5290964721765673 2.993029467011035 0.9754579783157699 -0.16381598557172042 0.14712598482687173 -0.14652738345973237 0.015169768897915662 0.9890902911302023 0.0 0.0 0.0 0.0 0.0 0.0
-1.1724583235501291 0.007150299366048361 3.4083008041793845 0.9015502739634843 0.38978900963667396 0.1878074319158516 -0.1736249224156192 -0.07144045273860411 0.9822172102079425 0.0 0.0 0.0 0.0 0.0 0.0
-0.8156000528293025 -0.32926596618924625 3.642294259215778 0.30568712842607365 0.825485802570959 0.4744771535789691 0.003225239984329382 -0.49921612894798956 0.866471496602876 0.0 0.0 0.0 0.0 0.0 0.0
-0.7136725170227752 -0.39224289739375434 4.209890085700868 -0.009614118623223023 0.9751981456310597 0.2211247283341263 0.0647296310666205 -0.21999563261508714 0.9733509112813666 0.0 0.0 0.0 0.0 0.0 0.0
-0.3179932691555138 -0.5220886963079965 4.677389058464427 -0.5124086469802643 0.8521477134662684 0.10621512573106306 0.1951863280088239 -0.004792358790749378 0.9807544701175991 0.0 0.0 0.0 0.0 0.0 0.0
-0.1667214526101589 -0.2416803631525397 5.1095210143226115 -0.8552443663549145 0.4870191377018964 0.17711418161819184 0.32529693170185087 0.23845767589786546 0.9150518253250741 0.0 0.0 0.0 0.0 0.0 0.0
-0.008589653283243343 0.021546528919151573 5.463328637395319 -0.9646836098269463 -0.2085123427490535 0.16096004427358063 0.13173367744246986 0.1470548394729096 0.9803168428702427 0.0 0.0 0.0 0.0 0.0 0.0
-0.03851769781638875 0.5877553416294905 5.820607830476637 -0.7300884322991521 -0.6774862509224632 0.08934909531714187 0.012145555583471001 0.11782865367459255 0.9929596637592092 0.0 0.0 0.0 0.0 0.0 0.0
-0.3006040683899336 0.7320220282183183 6.274779966843833 -0.1966123220579175 -0.9789538504745119 -0.0547078920825936 -0.15745025158484902 -0.023478030376037753 0.987247790762547 0.0 0.0 0.0 0.0 0.0 0.0
-0.6579119218126318 0.6332472411364168 6.659911364169994 0.4550665964806995 -0.8756584508037702 0.16166839611814424 -0.26987349579049236 0.0373641260218474 0.9621705765385068 0.0 0.0 0.0 0.0 0.0 0.0
-0.991591335994365 0.5589780464897864 7.07145163183846 0.88132030158935 -0.4569002510607337 0.12048521314707347 -0.1457839340964421 -0.020487307048384994 0.9891042992572975 0.0 0.0 0.0 0.0 0.0 0.0
-1.286235765437896 0.09028307701338342 7.4691352136651785 0.9944154835082639 -0.010630473098269108 0.10499923428641184 -0.10560346411891465 -0.09274018302835396 0.9900743238858144 0.0 0.0 0.0 0.0 0.0 0.0
-1.2539968836047726 -0.11823802713682964 7.995446363138309 0.8617507799564669 0.5069671435713559 -0.019233007656662846 0.09210402159132948 -0.11907182945834313 0.9886044449809778 0.0 0.0 0.0 0.0 0.0 0.0
-0.9190092993802783 -0.40353404910812757 8.380225120422352 0.5680359596532182 0.8210565794198554 0.05657951866368296 0.2073568208621071 -0.20933476710894264 0.9556056216459825 0.0 0.0 0.0 0.0 0.0 0.0
-0.5343507865696172 -0.38790795961493313 8.770184706895202 0.0737514576215178 0.9953755119867632 0.06154926998584413 0.5091634290191616 -0.09061626343266306 0.8558862630927963 0.0 0.0 0.0 0.0 0.0 0.0
0.03694137904046333 -0.5024048894675801 8.993994891388644 -0.5377979192828339 0.809684645142489 0.23491311890896194 0.32771501269551767 -0.056022546111094904 0.9431141737781311 0.0 0.0 0.0 0.0 0.0 0.0
0.37701267191757915 -0.15175706347342877 9.242089834717213 -0.8699764227766867 0.2575010704033163 0.42051661388561795 0.43387487393755997 -0.005344764076550098 0.900957283816848 0.0 0.0 0.0 0.0 0.0 0.0
0.4240823354465054 0.03211238944979261 9.73365030914925 -0.8453054887638161 -0.5144713380329363 0.14414531906505457 0.22089320194165712 -0.09078780387052497 0.9710632152462214 0.0 0.0 0.0 0.0 0.0 0.0
0.30518094036158727 0.33128742075604595 10.336937221178678 -0.6367917991897335 -0.7688505554364619 -0.05800886044171399 0.12435119542369151 -0.17672183790554624 0.976373991974379 0.0 0.0 0.0 0.0 0.0 0.0
-0.040447434843860056 0.33098658722704855 10.864265379196995 0.019026636047753013 -0.9556221222807701 -0.29398018050253516 0.04026992332937009 -0.2930466744310791 0.9552496950430981 0.0 0.0 0.0 0.0 0.0 0.0
-0.4194326453072637 0.10930862985335865 11.139472916533258 0.5927869093254942 -0.7966682652257902 -0.11799726824998376 -0.18813545682390345 -0.27936789319156635 0.9415724242666449 0.0 0.0 0.0 0.0 0.0 0.0
-0.4867496282382404 -0.33474211473741877 11.561462002034906 0.9331697966188851 -0.35101540811279597 -0.0773454196812956 -0.05877932346902064 -0.36117606080006615 0.9306432421919105 0.0 0.0 0.0 0.0 0.0 0.0
-0.6339872071264416 -0.9352387457576468 11.72553309569041 0.9522684675116683 0.23974759064411427 0.18895993904349456 -0.049040907371362935 -0.4908305390768874 0.8698737674592134 0.0 0.0 0.0 0.0 0.0 0.0
-0.3376877485823248 -1.4155798416188181 11.993365208791367 0.3696862233798377 0.8635347389554293 0.3429866628024056 -0.06637852848056547 -0.34373020008797694 0.9367195100478233 0.0 0.0 0.0 0.0 0.0 0.0
-0.21492134303827187 -1.417022775299366 12.582785473898413 -0.02494127436783126 0.9867055233719739 0.16059309754826817 0.1654530528963382 -0.15432479280405179 0.9740683475061019 0.0 0.0 0.0 0.0 0.0 0.0
0.23710084526884243 -1.425749148861235 12.798716688189716 -0.6306753051776328 0.6537178148892437 0.41821247941152134 0.3298888843343903 -0.26202697581246237 0.906926230704122 0.0 0.0 0.0 0.0 0.0 0.0
0.6200868748532518 -1.3918838537997962 13.211321123894496 -0.8584231235120795 0.40193724846719436 0.3186788184275606 0.2607428482395712 -0.19301757969988068 0.9459161596139037 0.0 0.0 0.0 0.0 0.0 0.0
0.8411415531814979 -1.1694353134538622 13.654694470532984 -0.9667381739722131 -0.1293701798127231 0.22063694060626973 0.21395683828202736 0.06282638644144735 0.9748206586439725 0.0 0.0 0.0 0.0 0.0 0.0
0.8759489708069187 -0.6841305755370087 14.094317203497765 -0.7192457308893072 -0.6919845998639081 0.06199106507145256 0.025155121007422825 0.06324855928700886 0.9976807303116663 0.0 0.0 0.0 0.0 0.0 0.0
0.4931908898802535 -0.5407586074409271 14.655844664062554 -0.20632105823316355 -0.9584126623627411 -0.19717197963278107 0.04905479170732735 -0.2114480075636779 0.9761574501625757 0.0 0.0 0.0 0.0 0.0 0.0
0.2990432026297252 -0.7186069206386475 15.055804619629022 0.5502616524462304 -0.8033493560936061 -0.22768822084405685 0.2733718592025979 -0.08435577760604229 0.9582024469706779 0.0 0.0 0.0 0.0 0.0 0.0
0.035080124442357356 -1.0132183317680208 15.550613406903022 0.8853000314349987 -0.3230804160230546 -0.33445911427790415 0.3457099769813668 -0.023767246769783566 0.9380403668267837 0.0 0.0 0.0 0.0 0.0 0.0
0.17384509274477583 -1.2900695585818267 15.870817680206624 0.9545459218714297 0.2291127896852177 -0.1906552192867518 0.2586477613335658 -0.3188486370359764 0.9118316084768257 0.0 0.0 0.0 0.0 0.0 0.0
0.3720605918304909 -1.8031512590094416 16.12483724305748 0.6577815164887327 0.7531906436320032 -0.005227897377717195 0.28021431344566883 -0.23819550856040939 0.9299155005922959 0.0 0.0 0.0 0.0 0.0 0.0
0.647698990373327 -1.8430108789230646 16.550430460984582 0.2303725681410313 0.9726243706328122 -0.03050104095325467 0.3277216195967742 -0.04804295746279357 0.9435520199157519 0.0 0.0 0.0 0.0 0.0 0.0
1.112080300540033 -1.8758041793848321 16.736056977381224 -0.40915156074404724 0.8513223702498959 0.32839796322877735 0.5147984674752251 -0.08178824139591072 0.8534009734319056 0.0 0.0 0.0 0.0 0.0 0.0
1.7070541793848322 -1.5761879255693823 17.14016641230336 -0.8162017550289583 0.5602408846518767 0.14122622367014911 0.19438033797317228 0.035961768487379295 0.9802668184819353 0.0 0.0 0.0 0.0 0.0 0.0
1.7684902559286215 -1.18767743174881 17.56272634776978 -0.9644460895509289 -0.20760047456071123 0.16354138103883428 0.17320083637785272 -0.029515209458607423 0.9844441694116669 0.0 0.0 0.0 0.0 0.0 0.0
1.5910461669405964 -0.7526451338342333 17.794963606480383 -0.7748333124533809 -0.49563207905002044 0.3924056321322055 0.310127115583994 0.24284891701250105 0.919154815950723 0.0 0.0 0.0 0.0 0.0 0.0
1.5082509098379902 -0.46896278469124203 18.31087843390467 -0.35809294166481664 -0.9220802545502852 0.1467564284735743 0.16232282768079961 0.09317131357303308 0.9823290721244001 0.0 0.0 0.0 0.0 0.0 0.0
1.067694881427565 -0.31398215543554825 18.90229513970415 0.2714247571940726 -0.95530321758821 -0.11715102922190636 0.32931725977953386 -0.022166487334711375 0.9439591035900544 0.0 0.0 0.0 0.0 0.0 0.0
0.8745086306796233 -0.6676184777586742 19.267872967302633 0.9244349952074448 -0.32470055678968845 -0.19997371841389047 0.20417661223051906 -0.021191965740573034 0.9787046600512939 0.0 0.0 0.0 0.0 0.0 0.0
2.002007134796144 -1.0892909891008793 18.880064228313476 -0.8891626538940566 0.3660730199684918 0.27455476497636383 -0.3377200769493543 -0.12020155354807381 -0.9335398953177908 0.0 0.0 0.0 0.0 0.0 0.0
1.7202908546607183 -1.3794464663066448 18.542678005400322 -0.49089665754831957 0.8473681771648929 0.20245405388910998 -0.4687543773246167 -0.06105438091526913 -0.8812160327127873 0.0 0.0 0.0 0.0 0.0 0.0
1.1670800070439074 -1.7053519018548953 18.467645720826486 0.01305908127181486 0.9831622614637966 -0.18226746289376347 -0.5069527305771618 -0.15059933398941916 -0.8487159534039069 0.0 0.0 0.0 0.0 0.0 0.0
0.6234114522188309 -1.455575692650857 18.198010830007043 0.6423674934396749 0.6796818990998363 -0.354113709714929 -0.3994270421569209 -0.09745961081136231 -0.9115698888479539 0.0 0.0 0.0 0.0 0.0 0.0
0.5202629725287625 -1.390960319323785 17.76510135399546 0.9498464544995365 -0.008254852995839425 -0.3126076938859267 -0.3126597120662056 -0.017414300565194912 -0.949705557837008 0.0 0.0 0.0 0.0 0.0 0.0
0.5088452394928387 -1.100416030758394 17.256581650622216 0.9286113371268091 -0.35217557744492684 -0.11684753831763778 -0.06955676614148806 0.143881216870064 -0.987147431600735 0.0 0.0 0.0 0.0 0.0 0.0
0.6836111763324723 -0.6078144677581164 16.87435875543412 0.40590390135548754 -0.9049752575299215 -0.12752178685639148 -0.1195871170675262 0.08571894371510166 -0.9891163653078666 0.0 0.0 0.0 0.0 0.0 0.0
1.0506698826727001 -0.6021437668537927 16.363853372893058 -0.24271895426347834 -0.9690087481749644 0.04592989442217299 -0.10682841642638972 -0.020351334042167442 -0.9940691689447642 0.0 0.0 0.0 0.0 0.0 0.0
1.1605971667840649 -0.8376066369257258 15.933951631838456 -0.7256317665772253 -0.6725192534944217 0.14552110848025096 -0.17781433164332144 -0.02117396112594765 -0.9838362296807716 0.0 0.0 0.0 0.0 0.0 0.0
1.3925914240432025 -1.2081988142756517 15.46500425569382 -0.9727870534661335 0.019396060881993638 0.23088772472987823 -0.23121053940534014 -0.01334374291388281 -0.9728122280239594 0.0 0.0 0.0 0.0 0.0 0.0
1.2011292263442122 -1.3306380605776005 15.045014968302416 -0.8528109815930379 0.42613337497597237 0.3018671502596903 -0.35025158938183615 -0.037912992233066385 -0.9358880430668154 0.0 0.0 0.0 0.0 0.0 0.0
0.8266942063864755 -1.8795932143695702 14.758258247241137 -0.5435272521183927 0.8218191739305551 0.17085482599191962 -0.4072406819545301 -0.08019533999985025 -0.909793237171786 0.0 0.0 0.0 0.0 0.0 0.0
0.4241566877983877 -1.7945253189324564 14.381376692494324 0.10423051312658053 0.9935087464630002 0.045567212279091183 -0.3846868754062154 0.0825532262931775 -0.9193481237914124 0.0 0.0 0.0 0.0 0.0 0.0
0.0718556781717148 -1.7068443296548481 14.096579791813415 0.6711507383288615 0.7231918383597089 -0.16294247871727208 -0.45743616846951296 0.23110412853082415 -0.858686807603296 0.0 0.0 0.0 0.0 0.0 0.0
-0.438897775299366 -1.271986528527823 13.829706210378019 0.9561769608412148 0.23871786812497617 -0.16952698603562905 -0.22845719855658067 0.24604587369280928 -0.9419494341345619 0.0 0.0 0.0 0.0 0.0 0.0
-0.4910421424861434 -0.8075625947192039 13.594982461383028 0.8701157035868512 -0.3411376374363041 -0.3557018058654404 -0.17980806356060117 0.4521435424441251 -0.8736333769406159 0.0 0.0 0.0 0.0 0.0 0.0
-0.37239155318149797 -0.3305023186193943 13.196624060812397 0.578445981940255 -0.7449683100745709 -0.3322987555827017 0.027074840202531064 0.4246455861788065 -0.9049547387393831 0.0 0.0 0.0 0.0 0.0 0.0
-0.056280105587454735 -0.1296114467046611 12.791272670352265 -0.003920321476754287 -0.95469162057721 -0.2975710682831574 0.0376881371543444 0.2972209832518687 -0.9540646159630005 0.0 0.0 0.0 0.0 0.0 0.0
0.17895828441731226 -0.2274047115911404 12.336080457071299 -0.5986692898759834 -0.7201618286188014 -0.3506594101971452 0.26381686955415107 0.23603889680707166 -0.9352466511743031 0.0 0.0 0.0 0.0 0.0 0.0
0.49739375440244193 -0.41033497691163806 11.839790248102059 -0.8989176933643498 -0.4237062635322879 -0.11144497655804941 0.035718103945500373 0.1826908388692587 -0.9825213862526275 0.0 0.0 0.0 0.0 0.0 0.0
0.6788583178580829 -0.7811550584501983 11.34810063537464 -0.9854998830045788 0.1620715987965089 0.050227258152372695 -0.025165063035773507 0.15326913568602057 -0.9878640046324523 0.0 0.0 0.0 0.0 0.0 0.0
0.4596266729279173 -0.8439539798074662 10.894043985286057 -0.5279826567496989 0.8361220930648701 0.14877553448181663 0.003876966855469086 0.17750951322756042 -0.9841114478765686 0.0 0.0 0.0 0.0 0.0 0.0
0.17593625264146515 -0.8631464252171869 10.339373239023242 -0.0671357215506164 0.9560489644599935 0.2854175405381597 -0.37673049155961047 0.2405332243555231 -0.8945489951424628 0.0 0.0 0.0 0.0 0.0 0.0
-0.24562690772481802 -0.7515518607654379 10.04161775064569 0.5594992203401024 0.8234652921931662 0.09415696995996244 -0.3816638021247248 0.35682766920335046 -0.8526469120559831 0.0 0.0 0.0 0.0 0.0 0.0
-0.7913082456402484 -0.3859705294314358 9.992667933146917 0.8639394821909606 0.4139515521973977 -0.28679728650212155 -0.46586961887187606 0.4407941013847402 -0.7672457614067296 0.0 0.0 0.0 0.0 0.0 0.0
-0.8115676606402128 0.06003365422243093 9.63320810831964 0.8797003748186637 -0.27187802281727363 -0.3901404763067688 -0.297176298298828 0.3262054074863773 -0.8973718737825765 0.0 0.0 0.0 0.0 0.0 0.0
-0.7632308053533693 0.4783321593488299 9.22756124285826 0.5279274165570752 -0.8031961646871072 -0.2759865284380626 -0.22071029637806167 0.18399935087790242 -0.9578262911140092 0.0 0.0 0.0 0.0 0.0 0.0
-0.5105943207610265 0.8602104634037013 8.806150255786322 0.09763912895741636 -0.9801250994769315 -0.17268870800307792 -0.13465230650942484 0.1589907136140295 -0.9780545533538472 0.0 0.0 0.0 0.0 0.0 0.0
-0.3487242701729671 0.7545198403381076 8.330883619002895 -0.5826053668401993 -0.8077885314181017 -0.08971440819836761 0.029305199188595595 0.08939836400275986 -0.9955647331108846 0.0 0.0 0.0 0.0 0.0 0.0
-0.20617515848790793 0.6454566799718243 7.790510291930811 -0.8844867497591953 -0.46171320899379364 0.06711260791437103 0.047547843819265044 -0.23227879844314292 -0.9714863675533222 0.0 0.0 0.0 0.0 0.0 0.0
0.012143402207090873 0.24130150857008684 7.456137003991546 -0.9938210149166337 0.07947664862762195 -0.07748065973514866 0.045278420349913175 -0.3471351459633138 -0.9367214394299115 0.0 0.0 0.0 0.0 0.0 0.0
0.015790091570791264 -0.3132851021366517 7.19137048015966 -0.778354163701101 0.594630499371941 -0.2014432055588769 -0.12178400909585094 -0.45769989539113903 -0.8807266663883193 0.0 0.0 0.0 0.0 0.0 0.0
-0.4292380840572904 -0.6391428445644518 6.819841071847851 -0.12125908243173253 0.9474998148781079 -0.2958721611334287 -0.27985005697552107 -0.31853410463249493 -0.9056599636711188 0.0 0.0 0.0 0.0 0.0 0.0
-0.40770133834233396 -0.4630194881427565 6.123479690068092 -0.12023889392704765 0.9879330015946227 0.09762680342733367 -0.4077886564330599 0.04048371766560766 -0.9121784256868233 0.0 0.0 0.0 0.0 0.0 0.0
-0.8754255693824841 -0.4465029936604837 5.881710055177272 0.6329679793027511 0.7459914963866187 -0.20699812679405055 -0.4210768916600588 0.10740134431421108 -0.900643771171157 0.0 0.0 0.0 0.0 0.0 0.0
-1.2671953154460784 0.0010423559378713032 5.582274968515869 0.9733806297437081 0.10510419918406365 -0.20367438953785713 -0.22688472420210942 0.3138457309366363 -0.9219675585922649 0.0 0.0 0.0 0.0 0.0 0.0
-1.2998676599287071 0.4087529438550806 5.140323165916028 0.9182417068266271 -0.3868345351582474 -0.08480100384444451 0.0492680442037034 0.32398341092364813 -0.9447790266864631 0.0 0.0 0.0 0.0 0.0 0.0
-1.121984816467089 0.5508922282225873 4.67568678093449 0.5243431244045254 -0.8482443357495528 -0.07447036161118334 0.14539528284426684 0.1754647517618057 -0.973690059832082 0.0 0.0 0.0 0.0 0.0 0.0
-0.49694397158957504 0.8803929913125147 4.331199371918289 -0.025553236531054443 -0.9976953445592018 -0.06285723146690116 0.15860696058414622 0.05801841510990731 -0.9856356809503162 0.0 0.0 0.0 0.0 0.0 0.0
-0.31581283752054473 0.7832604484620803 3.9772430441418183 -0.664231850877507 -0.7159406947726421 -0.21499992987977384 0.2086739250697238 0.09857378366287178 -0.9730048315246851 0.0 0.0 0.0 0.0 0.0 0.0
0.014502377318619393 0.6276818208499647 3.5554157372622677 -0.941773267040492 -0.29064164396048303 -0.1690873983590311 0.2170810539801616 -0.1414580250459955 -0.965849596548525 0.0 0.0 0.0 0.0 0.0 0.0
0.1709761681145809 0.022859679502230567 3.2863605012913832 -0.8384512457239587 0.4338682085770698 -0.3297846056596122 0.23925420758690646 -0.25051690303084256 -0.9380824619657895 0.0 0.0 0.0 0.0 0.0 0.0
0.0759059247084605 -0.006049933474211473 2.6990334194255303 -0.6874344116113651 0.695509208928648 -0.20904753054743921 -0.1467370166192713 -0.4150035164140101 -0.8979088647060358 0.0 0.0 0.0 0.0 0.0 0.0
-0.26111549872996226 -0.4884949518666354 2.32973311418956 -0.18132052392450584 0.9734540589273412 -0.13967842625698232 0.008752857749906931 -0.14033708371933365 -0.9900650940288536 0.0 0.0 0.0 0.0 0.0 0.0
-0.6339699753463254 -0.37439466424043194 1.7297707795257102 0.5336085495088351 0.8227009129267637 0.19602327351757626 0.12184396113197435 0.1545081967959139 -0.9804495225449116 0.0 0.0 0.0 0.0 0.0 0.0
-0.6843404697361023 -0.01847780457782806 1.2259386539734036 0.8591528812067775 0.3717829572881317 0.3516159259535669 0.337658494062438 0.10444058278808976 -0.9354565228028349 0.0 0.0 0.0 0.0 0.0 0.0
-0.5876195996712843 0.4572816388823666 0.9367185665649213 0.9351128781353075 -0.25065650343315793 0.25047000305857986 0.29903785647593384 0.1786579455685087 -0.9373674300291849 0.0 0.0 0.0 0.0 0.0 0.0
-0.19468331768020658 0.8275416764498708 0.5872527295139703 0.6455600174120772 -0.7319206900678968 0.21804670914611904 0.4108963881825927 0.09229034688775099 -0.9069987045469463 0.0 0.0 0.0 0.0 0.0 0.0
0.24384725394352064 1.0164642432780493 0.28692537016087133 0.19457714527592163 -0.9803550985591059 0.03230503467632864 0.39216469299743584 0.047534767102889 -0.9186660435015006 0.0 0.0 0.0 0.0 0.0 0.0
0.5759971530875793 0.9185071319558581 -0.043107243484386 -0.5093851002854152 -0.8157780612476893 -0.2739214748685815 0.6036084938012226 -0.11181586409370291 -0.7894010379699269 0.0 0.0 0.0 0.0 0.0 0.0
0.5182856980227254 1.3876639131393766 0.7310721680292 0.8772535817604984 -0.1828078451561361 -0.44385520728920913 0.43548041845874963 0.6919169771250503 0.5758538893722305 0.0 0.0 0.0 0.0 0.0 0.0
0.9819989042811302 1.4994599671284337 0.9699538232761993 0.4300798479646909 0.2730181338707408 -0.860518694133025 0.5395690076064997 0.6864339684308096 0.4875178899434023 0.0 0.0 0.0 0.0 0.0 0.0
1.6185617622574653 1.4352174005848581 1.2543206187254083 -0.20635025695556516 0.6016837356659104 -0.7716192413940228 0.577017114826735 0.7116811374286919 0.4007008957130416 0.0 0.0 0.0 0.0 0.0 0.0
1.9526062455975586 1.784495577991704 1.232867652813649 -0.6363392808137208 0.6917901656900436 -0.34131903894746135 0.6080089153959486 0.7221131275349503 0.3299663465275437 0.0 0.0 0.0 0.0 0.0 0.0
2.3479103075839403 2.1891178973937544 1.3550899565625734 -0.8168391090666643 0.3752995506664883 -0.43809144840855996 0.26511948148594167 0.9187111938779831 0.292713858195878 0.0 0.0 0.0 0.0 0.0 0.0
2.0604235149096035 2.8494841805588167 1.775435108006574 -0.3427070809178524 0.7373009935681062 -0.5821847658366269 -0.1244484944268761 -0.6498323454951618 -0.7498203084627278 0.0 0.0 0.0 0.0 0.0 0.0
1.7217730100962667 2.626416118807232 1.4361279056116458 0.4717658086251753 0.5492144823210424 -0.6897829181859056 -0.2457017454079083 -0.6694480894803017 -0.7010491479166646 0.0 0.0 0.0 0.0 0.0 0.0
1.3855768666353603 2.5206841394693584 1.0848130429678329 0.9806510456117813 -0.17221277614462965 -0.09309289163561167 -0.19335035618119303 -0.7773808905535305 -0.5985771385266946 0.0 0.0 0.0 0.0 0.0 0.0
1.2976868947754134 2.605765331170355 0.5679594726319309 0.5275852517033776 -0.7419809575283255 0.4136641885037102 -0.4725230246054391 -0.6610063791414622 -0.5829172822553995 0.0 0.0 0.0 0.0 0.0 0.0
1.198747749863035 2.202128825232841 0.2899350395241449 0.1864563740695885 -0.6232560030256805 0.7594642685875844 -0.39253122713734345 -0.755872611953482 -0.5239998379967994 0.0 0.0 0.0 0.0 0.0 0.0
1.5240488946758022 1.7707813044746599 -0.14523967071513444 -0.3014950777926975 -0.36198077760993214 0.8820831223346721 -0.2720449896091963 -0.8539852234469073 -0.4435095960211775 0.0 0.0 0.0 0.0 0.0 0.0
1.491238162322924 1.3479181341472959 -0.21130155748610785 -0.8849395103698184 0.03158575417259919 0.46463362245943224 -0.2960025951572395 -0.8083292350251992 -0.5089069772205482 0.0 0.0 0.0 0.0 0.0 0.0
1.011728838929326 0.6758738847147217 -0.4362453040619863 -0.8431164800927653 -0.524634038731852 -0.11795645976330128 0.42662521601007525 -0.519020340461813 -0.7406813155813101 0.0 0.0 0.0 0.0 0.0 0.0
1.3365315517229113 0.10497555977715642 -0.5439105779561285 -0.9588022494995639 -0.040696824453057806 -0.2811441175518582 0.25869508837584393 -0.5337022960538359 -0.8051327284597726 0.0 0.0 0.0 0.0 0.0 0.0
1.270783194411834 -0.2915003521953511 -0.8631611000234796 -0.668432944746392 0.630330089589839 -0.3948181562888572 0.1584229463545972 -0.3979681373362461 -0.9036169164714919 0.0 0.0 0.0 0.0 0.0 0.0
1.0857613467381018 -0.7835919656769621 -1.255587098977566 -0.24387294375537708 0.9110689836006781 -0.33238425718573644 0.12315647910995679 -0.3108841599873982 -0.942434889380783 0.0 0.0 0.0 0.0 0.0 0.0
1.0076269859904516 -0.8096736323080534 -1.752023166627534 0.39684444919287315 0.899406392992079 -0.18325562307821033 0.05843038489335752 -0.22400633544071724 -0.9728345449271601 0.0 0.0 0.0 0.0 0.0 0.0
0.6077901209204037 -0.7880591101197465 -2.292766054238083 0.65490900946278 0.7556355446692461 0.010445714762152182 0.029230902626570146 -0.01151736466360881 -0.9995063304666166 0.0 0.0 0.0 0.0 0.0 0.0
0.5110354543320027 -0.4186905670345151 -2.7550554707677857 0.9832775833648513 0.17569185954660288 0.04793291709498573 0.04151729203997863 0.03991218674978713 -0.9983402885842669 0.0 0.0 0.0 0.0 0.0 0.0
0.674990216795805 -0.26092588244501835 -3.099287782734601 0.8843025205473666 -0.4644875686137417 -0.04754314626598692 -0.0684876788407357 -0.028317800834341482 -0.9972499887204386 0.0 0.0 0.0 0.0 0.0 0.0
0.8291187289661108 0.05806136025671126 -3.502970180793614 0.3396769197510298 -0.9402572950319047 -0.023147555545633008 0.009676641466343474 0.02808869342267888 -0.9995585965373608 0.0 0.0 0.0 0.0 0.0 0.0
1.3540810636299596 0.142917938483212 -4.079845621037802 -0.21844106459315082 -0.9675950487144938 0.12666223984521752 -0.06467224386931092 -0.11519457008266051 -0.9912354472557866 0.0 0.0 0.0 0.0 0.0 0.0
1.430245754089379 -0.1140799874774986 -4.477905611645927 -0.7136862222360845 -0.6695406827163268 0.2058330643461863 -0.013052584265470764 -0.28106877098557237 -0.9595988620359305 0.0 0.0 0.0 0.0 0.0 0.0
1.7588672517022772 -0.5300283223761446 -4.86298500234797 -0.9334744092469609 -0.19639331727013978 0.30009197292274825 -0.23931094280708323 -0.2820668489638171 -0.9290686548196576 0.0 0.0 0.0 0.0 0.0 0.0
1.4878272481803239 -0.7662706914768723 -5.150974407137826 -0.8972885611555322 0.4329485352714055 0.0861905089077625 -0.20036840043784337 -0.22534045926325352 -0.9534538171956762 0.0 0.0 0.0 0.0 0.0 0.0
1.2236792674336698 -1.017590201142678 -5.533255067699773 -0.44654861161814013 0.8911229327508297 0.08058694799700447 -0.36775218084033323 -0.10076843820590406 -0.9244479733055407 0.0 0.0 0.0 0.0 0.0 0.0
0.736693619394224 -1.1306791500352196 -5.879989434139469 0.07365873409195593 0.9951186120551199 -0.06567601414110266 -0.6026408616357309 -0.007932432367603746 -0.7979731000501692 0.0 0.0 0.0 0.0 0.0 0.0
0.11483769664240437 -1.044585730218361 -5.892081474524536 0.5496428246949312 0.788934220719226 -0.27472815771144526 -0.6763345219467148 0.2273831029083703 -0.7006201102843611 0.0 0.0 0.0 0.0 0.0 0.0
-0.13749706503874148 -0.7689950692650854 -6.169022462236831 0.7785578282339182 0.2442639935975941 -0.5780854690505886 -0.6236856763600089 0.19832557494208397 -0.7560973108186869 0.0 0.0 0.0 0.0 0.0 0.0
-0.468055881662362 -0.412138999765203 -6.451162244658372 0.7997945760527636 -0.22107850969194628 -0.5580796794983384 -0.4694212933934254 0.34906058462081485 -0.8110489242783191 0.0 0.0 0.0 0.0 0.0 0.0
-0.597706816936683 -0.03807231744540972 -6.8771542615637475 0.5837171111441655 -0.6621322287494529 -0.4699523867465641 -0.3052901871960809 0.3573542552033164 -0.8826640572096865 0.0 0.0 0.0 0.0 0.0 0.0
-0.1742442030068233 0.36737176887446904 -7.293730922751818 -0.1422499200081373 -0.945905964148598 -0.291593668048176 -0.05758780943260295 0.30194407536947426 -0.9515846885874254 0.0 0.0 0.0 0.0 0.0 0.0
-0.28956327776473345 0.33480864052594506 -7.87805040306801 -0.46753225028653583 -0.87763251589296 0.10571074680183326 -0.31430941762672493 0.05326897762657935 -0.9478248815122803 0.0 0.0 0.0 0.0 0.0 0.0
0.021732943428177064 0.07204707322105772 -8.375187659644107 -0.864456266022161 -0.4753575925037628 0.16355587236186112 -0.1714118440521424 -0.027372556968306733 -0.9848191320459107 0.0 0.0 0.0 0.0 0.0 0.0
-0.142206210378023 -0.08906506809110118 -8.823861968772011 -0.9149681655046324 0.15693981026403084 0.3717568453537573 -0.37797609237887947 -0.010291086322616142 -0.9257581580155225 0.0 0.0 0.0 0.0 0.0 0.0
-0.3351725757220004 -0.6845026708147453 -9.164577952571024 -0.73995183424351 0.6282222782284197 0.2404330512578486 -0.3724842290371345 -0.08500728822540657 -0.9241370353292709 0.0 0.0 0.0 0.0 0.0 0.0
-0.792229645598981 -0.8144606430589056 -9.43898126605335 -0.2453043213520714 0.967402582379325 0.06291290433458813 -0.2816784716716805 -0.009036538071499681 -0.959466299343749 0.0 0.0 0.0 0.0 0.0 0.0
-1.0885497378101274 -0.6412851217030603 -9.831599749549971 0.47310033984113864 0.8796148579519807 0.049535543928737685 -0.21524299595052745 0.1699564301809491 -0.9616575609510849 0.0 0.0 0.0 0.0 0.0 0.0
-1.5517066799718244 -0.37152207090866396 -10.173588283634654 0.8457161330994369 0.5243999484620984 0.09883782812407463 -0.1277237074785601 0.3787593089226249 -0.9166395368149831 0.0 0.0 0.0 0.0 0.0 0.0
-1.5293055881662365 -0.0066843742662596834 -10.435948139234561 0.9627744550427348 -0.05280199140924157 -0.2650986579000038 -0.21909783917074366 0.42191834042907256 -0.8797619285240117 0.0 0.0 0.0 0.0 0.0 0.0
-1.5085223937544021 0.40177785278234324 -10.773200868748534 0.7886388336107406 -0.5373701921221563 -0.29880104875935 -0.056260077338511724 0.4208089593881091 -0.9054030171125792 0.0 0.0 0.0 0.0 0.0 0.0
-1.3691476872505284 0.7378062142913047 -11.15556077326446 0.24081145501748227 -0.9368678141924549 -0.2535518524140872 -0.12330503348839078 0.2295835062661434 -0.9654466750509685 0.0 0.0 0.0 0.0 0.0 0.0
-1.1181615402676683 0.9576230727087737 -11.59477185567817 -0.21982991374718652 -0.9324377402696985 -0.2867658793208193 0.13473672966710917 0.26209783439418927 -0.9555892103223479 0.0 0.0 0.0 0.0 0.0 0.0
-0.8106693179150034 0.9526260565860528 -12.080150123268373 -0.6047675499893865 -0.7938367930403742 -0.06386984026290365 0.1380817998873727 -0.02551804324442052 -0.9900920391604204 0.0 0.0 0.0 0.0 0.0 0.0
-0.3691814393050011 0.6382880370979102 -12.571624060812395 -0.9797204430358268 -0.1963917050288837 0.03972595742749383 -0.034786036654793934 -0.028605744483160944 -0.9989853067169784 0.0 0.0 0.0 0.0 0.0 0.0
-0.5138177976050716 0.40450810049307356 -12.957360882836342 -0.8462164471296814 0.5286608902836044 0.0665987063820763 -0.15300365369725014 -0.12145145155748856 -0.9807341264939601 0.0 0.0 0.0 0.0 0.0 0.0
-0.6943257415668778 0.17589027158174847 -13.400148704703762 -0.38780031094453615 0.9191639022017186 0.06891037455006778 -0.1699989385438683 0.002129617410396561 -0.9854419443192193 0.0 0.0 0.0 0.0 0.0 0.0
-1.052961375909838 0.08495612232918527 -13.77685856421695 0.13917216062827914 0.9878138754372234 0.06967680532106799 -0.2589633366144696 0.10419809772282397 -0.9602503562719702 0.0 0.0 0.0 0.0 0.0 0.0
-1.3985638256241684 0.2462941222509196 -14.16681928465211 0.6820891215171189 0.7303611482701062 0.03642833245671845 -0.2101793139708906 0.24350172040280496 -0.9468535093347863 0.0 0.0 0.0 0.0 0.0 0.0
-1.675307192611724 0.5992329967911089 -14.38613915629647 0.956301258515542 0.17499882264501765 -0.23422919338640935 -0.26016232695001634 0.14365866374081676 -0.9548181774391162 0.0 0.0 0.0 0.0 0.0 0.0
-1.706521661792852 1.2137647904259783 -14.697951574918 0.7978614753263336 -0.5414926932942585 -0.2649579764774343 -0.13016027221957976 0.2743885175933592 -0.9527692506313603 0.0 0.0 0.0 0.0 0.0 0.0
-1.5670579948344678 1.3100258276590753 -15.21912812084214 0.39116554951789906 -0.8977069927697474 -0.20276012429138215 -0.08115495159951168 0.18578382302779184 -0.9792334986774396 0.0 0.0 0.0 0.0 0.0 0.0
-1.073935342803475 1.648208206151679 -15.562162479455267 -0.11378249890979329 -0.9783429619374889 -0.1729120926055323 0.1669764307024627 0.15276284121264602 -0.9740546113717165 0.0 0.0 0.0 0.0 0.0 0.0
-0.8796775945057526 1.50238465602254 -16.032379960084523 -0.67345862020712 -0.7258770261429823 -0.13984287535138176 0.19517278043779632 0.007889915790658807 -0.9807371385876014 0.0 0.0 0.0 0.0 0.0 0.0
-0.5574000156531268 1.2615011348516867 -16.304089379353524 -0.8903968816292555 -0.23273775805585348 -0.3911860544038257 0.42323675283685674 -0.10690420651922208 -0.8996900253290625 0.0 0.0 0.0 0.0 0.0 0.0
-0.34440669758159187 0.9727488847147215 -16.629820673867112 -0.8203883900753891 0.4726801115490744 -0.32177072827630804 0.3093129102280124 -0.1063821168159089 -0.9449912003759843 0.0 0.0 0.0 0.0 0.0 0.0
-0.3149910483681616 0.7431688776708146 -17.159507806996945 -0.5301152902376025 0.8477853358248856 0.015420875999384132 0.22073808372325907 0.15551954700728718 -0.9628542822737155 0.0 0.0 0.0 0.0 0.0 0.0
-0.7134232676613517 0.6497506172312464 -17.659174511017667 0.2809544876801023 0.9451644990859521 0.1665192046582393 0.18776806430628773 0.11605769642930659 -0.9753326433203149 0.0 0.0 0.0 0.0 0.0 0.0
-0.7046475111528527 0.9094381016670577 -18.13302711904203 0.5814876704823576 0.6593217455640832 0.47662031524404336 0.29560050670257193 0.3745968636245064 -0.878804602969207 0.0 0.0 0.0 0.0 0.0 0.0
-0.6467590690302888 1.3323403381075372 -18.564972704860295 0.746860736423978 0.23752203692395238 0.6211137756995331 0.48247637619454126 0.4492256161608258 -0.7519394205646556 0.0 0.0 0.0 0.0 0.0 0.0
-0.5551665990736195 1.9342319651077575 -18.816435071541907 0.7363607774296167 -0.4505893325006574 0.5047197825525196 0.6567945567481239 0.29702881993186486 -0.6931051798651624 0.0 0.0 0.0 0.0 0.0 0.0
-0.0770739761719016 2.257723681918366 -18.796389429595017 0.35895750217499284 -0.9331401733607848 0.01997319434878512 0.7504026644856008 0.27584702118853105 -0.6006698444522789 0.0 0.0 0.0 0.0 0.0 0.0
0.3474766907270372 1.1187352778556228 -18.602784236796463 -0.35297385965765005 0.8952651681911622 -0.2718634455421174 -0.7557238516231686 -0.1015140739329347 0.646974769895536 0.0 0.0 0.0 0.0 0.0 0.0
0.3542380840572904 1.3052829302653208 -18.173182280660566 -0.8025482008808903 0.34653859031775425 -0.48562062423606955 -0.5790949799916415 -0.2568327280073354 0.7737479912560615 0.0 0.0 0.0 0.0 0.0 0.0
0.28082076191594274 1.6167931145808876 -17.62410483681615 -0.7568564364210202 -0.08450972780348083 -0.648094468850534 -0.6446303358538574 -0.06608755064628065 0.7616325661016066 0.0 0.0 0.0 0.0 0.0 0.0
-0.17523919934256868 1.9737320967363228 -17.454078862409016 -0.5133545331409483 -0.7332836736108532 -0.4458275196972599 -0.4656037217437921 -0.1985105825776417 0.8624423012022396 0.0 0.0 0.0 0.0 0.0 0.0
-0.5391367300618298 1.8349299522579634 -17.238553651091806 0.09601375067034223 -0.957983927249134 -0.2702742215131503 -0.4748648626697496 -0.28279209420614443 0.8333858612048461 0.0 0.0 0.0 0.0 0.0 0.0
-1.2113282167175394 1.6708330887532286 -17.23203803709791 0.5914732874363133 -0.7923615657614193 0.149407159645689 -0.5198142527826711 -0.23317483244251141 0.8218410065939763 0.0 0.0 0.0 0.0 0.0 0.0
-1.6120568208499646 1.2142668466776239 -17.042505576426397 0.8843007062534773 -0.3137299700312904 0.3458117505576796 -0.4436924136174822 -0.33424506787632613 0.831515048991083 0.0 0.0 0.0 0.0 0.0 0.0
-1.7063402278241446 0.7418977281621092 -16.638690260197656 0.8844624241179292 0.3336572412705807 0.3261886964184103 -0.2193771275571329 -0.31952091753783823 0.9218351583447876 0.0 0.0 0.0 0.0 0.0 0.0
-1.582879637238788 0.3640562632073256 -16.139891259685374 0.6667691979087084 0.7361504962645241 0.11619502385933934 0.11013312633286192 -0.2515468077900389 0.9615585775057031 0.0 0.0 0.0 0.0 0.0 0.0
-1.295906462784691 0.3757337403146278 -15.647793642873916 0.1292096508070596 0.9883086492910793 0.0809375059830737 0.30861570635915186 -0.1176659442150685 0.9438808565493942 0.0 0.0 0.0 0.0 0.0 0.0
-0.8521882359637704 0.22889851793350266 -15.253239129970753 -0.4328234352195413 0.9001905872275278 0.04817448071037356 0.16229042567109922 0.025229085754052433 0.9864204534413853 0.0 0.0 0.0 0.0 0.0 0.0
-0.704108945761916 0.4368592001252251 -14.842533458558343 -0.8553623166655608 0.4933678154665605 0.15793513190635797 0.2793922641017245 0.1827520529923517 0.9426248723045626 0.0 0.0 0.0 0.0 0.0 0.0
-0.44336058400392747 0.9492376215785466 -14.548161824869972 -0.9519073146627292 -0.2102074203393278 0.22290200700280202 0.18775197170198044 0.17489178833079497 0.9665205944502555 0.0 0.0 0.0 0.0 0.0 0.0
-0.594751222011142 1.1741481497292718 -13.919411300134476 -0.7841631340532925 -0.6019385581399557 -0.1508580505512035 -0.15364466693756096 -0.047211954097020684 0.9869976432150114 0.0 0.0 0.0 0.0 0.0 0.0
-1.0853266611880723 1.3334629607889175 -13.567632513500818 -0.15014749572649866 -0.9788497609598336 -0.13895637803259656 -0.18987084292230882 -0.10936298892580004 0.9756991337810991 0.0 0.0 0.0 0.0 0.0 0.0
-1.3607796680114124 1.2098266060463758 -13.11400101033818 0.45100629985926394 -0.8758781287001928 -0.1715541347560714 -0.12602416037290695 -0.2527967566047244 0.9592766602250029 0.0 0.0 0.0 0.0 0.0 0.0
-1.7154439440187264 0.8088219599137656 -12.838708759347409 0.9288903258000579 -0.3687939087363703 0.033967860015195056 -0.1228448518240845 -0.22034150127780225 0.967656325972689 0.0 0.0 0.0 0.0 0.0 0.0
-1.6760059579713547 0.5106502406668231 -12.459702981920637 0.9640798023873248 0.24002212618713395 0.11375198270546377 -0.029178557963278316 -0.3302666488883363 0.9434365651103693 0.0 0.0 0.0 0.0 0.0 0.0
-1.6184146806762145 -0.048533253111058945 -12.115978662831651 0.7493725623540528 0.6602015180908618 0.05074168209118641 0.2950566439461778 -0.4016445757652499 0.8669620589285155 0.0 0.0 0.0 0.0 0.0 0.0
-1.1350686958810932 -0.30153258340626266 -11.82884017446121 0.045937849910209036 0.9594661497506244 0.27805470941586174 0.2562273129111542 -0.280295429749076 0.9250848805272466 0.0 0.0 0.0 0.0 0.0 0.0
-0.7143624552640756 -0.3651874461923769 -11.380982874056365 -0.3730894422409462 0.8858540110065304 0.27580235545038706 0.22566064643118744 -0.20165711214485046 0.9531063328787915 0.0 0.0 0.0 0.0 0.0 0.0
-0.3489081944118336 -0.1594711199812162 -10.966680852312749 -0.8219000717644654 0.5385441459791219 0.18560839114971295 0.2541068106344685 0.054997693810838154 0.9656111963231722 0.0 0.0 0.0 0.0 0.0 0.0
-0.25155919816858424 0.21459702981920636 -10.515192093214367 -0.9775904182747653 -0.13451196404124158 0.1619367334088751 0.1551808475810793 0.059149229977832694 0.9861137222131368 0.0 0.0 0.0 0.0 0.0 0.0
-0.4061362702512327 0.22862614463489078 -10.053691447522894 -0.7991935248040857 -0.6010733592907914 0.000725714891988398 0.08906898625775408 -0.11725751380094797 0.9890992827538783 0.0 0.0 0.0 0.0 0.0 0.0
-0.7112567326232505 0.5906991967099976 -9.675752595217256 -0.3323513524268801 -0.9429069268290701 0.02165885218062808 0.11353166923663997 -0.017237514578966225 0.9933848338743058 0.0 0.0 0.0 0.0 0.0 0.0
-0.8582413712139 0.44912733818580264 -9.190588557564372 0.1918489138070882 -0.9770116807911947 -0.09296327161091582 -0.059219106561843614 -0.10602659282740595 0.9925983372096835 0.0 0.0 0.0 0.0 0.0 0.0
-1.2281382073256633 0.2239302066212726 -8.794083118102842 0.7996288104486868 -0.577771724428101 -0.16362640358999667 0.1543733543099394 -0.06569775022192346 0.9858258837618719 0.0 0.0 0.0 0.0 0.0 0.0
-1.3408223761446343 -0.07040238318854194 -8.284155611645923 0.8776784251126566 -0.2376540517733315 -0.41617440306617315 0.30452411668245954 -0.39398763718324253 0.8672017090075027 0.0 0.0 0.0 0.0 0.0 0.0
-1.0832902872348749 -0.3642091257728732 -7.941645143617439 0.8886200333104594 0.3771969527501183 -0.260915494433242 0.39557254247702944 -0.3425868590507823 0.8521482310278994 0.0 0.0 0.0 0.0 0.0 0.0
-0.7660924815186378 -0.894668687343024 -7.698620390332057 0.49774396709008284 0.8517284238053109 -0.1637364812970744 0.6488095802713507 -0.24032265892132912 0.7220049502303265 0.0 0.0 0.0 0.0 0.0 0.0
-0.37888784534710807 -0.9351138764968303 -7.446024105815136 -0.07176743703513504 0.9566599356783511 0.2822254461406715 0.5646015209278449 -0.19433948671445192 0.8021578937276176 0.0 0.0 0.0 0.0 0.0 0.0
0.22021814766590536 -0.953535116366767 -7.31533579514326 -0.5281907386040557 0.7111624331363903 0.46396393970698996 0.6194336186604872 -0.050957498237323075 0.7833934678350128 0.0 0.0 0.0 0.0 0.0 0.0
0.622720513422556 -0.6764676585056956 -7.07466185688773 -0.7610061332704785 0.35623152656527785 0.5421888643320576 0.6326459696642253 0.2222044360394498 0.7418788753374786 0.0 0.0 0.0 0.0 0.0 0.0
0.857876724512085 -0.2731399460678634 -6.796925583612596 -0.7193037388357664 -0.33705691812008254 0.607449393154919 0.6506412189917621 -0.020783217532206934 0.7591008246721399 0.0 0.0 0.0 0.0 0.0 0.0
0.9478127201220942 -0.14412861000234797 -6.326837285747828 -0.5889353632673001 -0.7467831038842287 0.308982416403022 0.4821449752502788 -0.017806907002537706 0.8759104616933806 0.0 0.0 0.0 0.0 0.0 0.0
0.8455660072787039 0.18897848673397508 -5.8504233681615405 -0.17662801629061534 -0.976023663409495 0.12720201384392846 0.22577275305297978 0.08559386127541317 0.9704124663723377 0.0 0.0 0.0 0.0 0.0 0.0
0.6192163475563333 0.05883796879335738 -5.285591296861548 0.39804386375548884 -0.9112814723220176 -0.10548535789017237 0.154341394609999 -0.04675824074291463 0.9869105333476121 0.0 0.0 0.0 0.0 0.0 0.0
0.3341159896689362 -0.30740050481333653 -4.9094894634890816 0.9101008691439249 -0.4049659739519287 -0.08785765717704148 0.07124672319765886 -0.055891178959237155 0.9958916008020867 0.0 0.0 0.0 0.0 0.0 0.0
0.4433112232918524 -0.491224465837051 -4.452072082648509 0.9633141114683308 0.09562375904008484 -0.250762874750279 0.24219429633636527 0.0934450182480379 0.9657173247833741 0.0 0.0 0.0 0.0 0.0 0.0
0.5826840843276628 -0.9262310828406156 -4.046799291340262 0.7997875586821913 0.5221768911377423 -0.29609315314424706 0.40024080055947076 -0.09633963087378468 0.9113319796268629 0.0 0.0 0.0 0.0 0.0 0.0
0.9420345151443998 -0.9841878962197693 -3.6325501878375204 0.22147699830100784 0.9096700626368177 -0.35135212588783854 0.48425162587394155 0.21014534696084156 0.8493169584961504 0.0 0.0 0.0 0.0 0.0 0.0
1.627647690808057 -0.9309590386134176 -3.3878738073384707 -0.6070170505895713 0.7916801890186961 -0.06908529951342349 0.20855389193334267 0.24258161711197845 0.9474489079622146 0.0 0.0 0.0 0.0 0.0 0.0
1.9298170718691965 -0.6732338648281359 -3.01797975054608 -0.9084937380584112 0.41671969242629975 0.03136599835466757 0.16219687315909298 0.28253029518367107 0.9454463531268397 0.0 0.0 0.0 0.0 0.0 0.0
1.8314048192063868 -0.423485559990608 -2.548342480629256 -0.9886154599103443 -0.15004312448997162 -0.011248698571195176 -0.07127226314549519 0.4009912702599338 0.9133051328452305 0.0 0.0 0.0 0.0 0.0 0.0
1.7309667762385532 -0.03979073726226813 -2.2020647452453623 -0.8048141196516708 -0.5792992524904834 0.1291766576176712 -0.21716237503555047 0.4898417420732317 0.8443314340894698 0.0 0.0 0.0 0.0 0.0 0.0
1.3827865411570508 0.3842664731371 -1.8808263427892449 -0.42037162319028454 -0.8980751381261997 0.12941694130202905 -0.43246663497281224 0.3236215673469646 0.8415709659815901 0.0 0.0 0.0 0.0 0.0 0.0
1.1046568051968384 0.43447601158331384 -1.4143500039132817 -0.09708743068564889 -0.9873845538492401 0.12508306689075205 -0.39656286831789733 0.1535579308205945 0.9050733966665795 0.0 0.0 0.0 0.0 0.0 0.0
0.3835517433669875 0.49604880840572896 -1.3719990021131725 0.43904808781843035 -0.7902492557717458 0.427484374375464 -0.51520632821991 0.16831280064990323 0.8403768443380293 0.0 0.0 0.0 0.0 0.0 0.0
0.18588870626907728 0.3500391328167801 -0.9632034123816233 0.8684909730537537 -0.13406959224450382 0.4772303156333812 -0.4374264620112263 0.2457127396172676 0.8650337218410148 0.0 0.0 0.0 0.0 0.0 0.0
-0.057846129764420454 0.007861782891132504 -0.5741097284182515 0.8551885054688958 0.4215323930991722 0.3016008316997173 -0.37159048829253183 0.09294381445019988 0.9237326216854987 0.0 0.0 0.0 0.0 0.0 0.0
