t = 0
b = 76.168607 76.168607 76.168607
E = 0.000000 0.000000 0.000000
0.3210620394004347 1.0829893432503463 -18.62823319119284 -0.35297385965765044 0.8952651681911633 -0.2718634455421127 -0.7557406532703227 -0.10151156818178526 0.6469555367409886 0.0 0.0 0.0 0.0 0.0 0.0
0.3278116928856538 1.2695311888549736 -18.198599045159273 -0.802781776865173 0.3462030063878648 -0.48547388920641193 -0.5788848809095285 -0.25708791053236496 0.77382045780172 0.0 0.0 0.0 0.0 0.0 0.0
0.25440244188776706 1.581045286452219 -17.64954728222587 -0.7569361102292479 -0.08449779643515283 -0.6480029686881221 -0.6446114593975556 -0.06640379889140927 0.7616210356247671 0.0 0.0 0.0 0.0 0.0 0.0
-0.20165751937074428 1.9379622563982153 -17.479510301714008 -0.513146925000782 -0.7334400978200926 -0.4458092151042808 -0.46546920870855657 -0.19853366506410514 0.8625095939063193 0.0 0.0 0.0 0.0 0.0 0.0
-0.5655631212334664 1.7991899506926503 -17.263978242153872 0.09600909234013248 -0.9579374484329476 -0.27044056477865436 -0.4749283613864854 -0.2827436508799286 0.8333661136846381 0.0 0.0 0.0 0.0 0.0 0.0
-1.2377502054472878 1.6350925980277058 -17.257465807701337 0.5914897611837077 -0.7923836346604831 0.14922478995489533 -0.5196412515291927 -0.23309560994770737 0.8219728744504168 0.0 0.0 0.0 0.0 0.0 0.0
-1.638482478281287 1.1785263559521015 -17.067951690537686 0.8845640905913178 -0.3135706951252646 0.34528218719623127 -0.4432324472439035 -0.3343495956954779 0.8317183090256284 0.0 0.0 0.0 0.0 0.0 0.0
-1.732765551737141 0.7061445637402433 -16.664137263691146 0.8844624241179277 0.3336572412705797 0.32618869641841497 -0.21939187605382998 -0.31959429901249004 0.9218062099814126 0.0 0.0 0.0 0.0 0.0 0.0
-1.60930529467011 0.3283267785865226 -16.165326367691947 0.6669667704753857 0.7359954991679434 0.11604288985613968 0.11026390418993742 -0.25144937936662015 0.9615690724274225 0.0 0.0 0.0 0.0 0.0 0.0
-1.3223321202160128 0.33998591218595897 -15.67323241958206 0.12916142118488255 0.9883025598528659 0.08108870122140338 0.308405532128967 -0.11770500748265114 0.9439446800346711 0.0 0.0 0.0 0.0 0.0 0.0
-0.8786100023479688 0.19315246856923304 -15.278675460877858 -0.4327467955206711 0.9002178809321288 0.048352640224270944 0.16254599044865453 0.025212096782111445 0.9863788071349239 0.0 0.0 0.0 0.0 0.0 0.0
-0.7305275103701964 0.40111528527823426 -14.8679776160288 -0.8553623166655606 0.4933678154665601 0.15793513190636038 0.27954549424717035 0.18284312156501922 0.9425617802258188 0.0 0.0 0.0 0.0 0.0 0.0
-0.4697823503881263 0.913473784570286 -14.573594598248276 -0.9519050255799804 -0.21002023019758326 0.22308815563209844 0.1878540682876088 0.17513017488264365 0.9664575887608152 0.0 0.0 0.0 0.0 0.0 0.0
-0.6211765459241392 1.1384163304801949 -13.944840515983975 -0.7840750068786299 -0.6020575945675194 -0.15084109656141123 -0.1534010822960709 -0.04750221002868634 0.9870216046231131 0.0 0.0 0.0 0.0 0.0 0.0
-1.1117559873209673 1.297729807466541 -13.593060284104249 -0.15017880479499493 -0.9788673152289925 -0.1387987959844425 -0.1896573074682392 -0.10931014511003953 0.9757465848774055 0.0 0.0 0.0 0.0 0.0 0.0
-1.3872014343956114 1.1740734416245096 -13.139444456302872 0.45133142378474045 -0.875773428858268 -0.171233312209602 -0.12634569692845327 -0.2526735646057252 0.9592668213886582 0.0 0.0 0.0 0.0 0.0 0.0
-1.7418657104029254 0.7730830256070922 -12.864152205312099 0.9290505917977723 -0.36837154694875485 0.034167254481310035 -0.12282471532912383 -0.22015453931754275 0.967701435424274 0.0 0.0 0.0 0.0 0.0 0.0
-1.7024316154026762 0.4748987438365814 -12.48514542733036 0.9640996830273597 0.24002707577064314 0.11357290206531888 -0.02889721944549621 -0.3302645585390856 0.9434459560999251 0.0 0.0 0.0 0.0 0.0 0.0
-1.6448330007043903 -0.08427741253815449 -12.141413770838223 0.7494506157328598 0.6600837138319288 0.051120106724126195 0.29494525027478813 -0.401994364680276 0.8668378337991736 0.0 0.0 0.0 0.0 0.0 0.0
-1.1614833472076955 -0.33728219029933043 -11.854283620425907 0.04592139418652773 0.9594957972306994 0.27795510546235713 0.25658858474474455 -0.28022417974227676 0.9250063282304922 0.0 0.0 0.0 0.0 0.0 0.0
-0.7407842216482743 -0.400922822970252 -11.406444107665054 -0.37308944224094587 0.8858540110065304 0.27580235545038706 0.22558786982954956 -0.20169263538612708 0.9531160442552443 0.0 0.0 0.0 0.0 0.0 0.0
-0.3753375205447289 -0.19521894810988494 -10.992130635125617 -0.8217670344499842 0.5387077291867493 0.18572270622014525 0.2540620960978758 0.05479130645782613 0.9656346949354079 0.0 0.0 0.0 0.0 0.0 0.0
-0.27799586170462526 0.17884186428739138 -10.540630869922516 -0.9775608682148518 -0.1345078980883412 0.16211839589288282 0.15528352121251987 0.059385772666433766 0.9860833423421428 0.0 0.0 0.0 0.0 0.0 0.0
-0.43255092157783515 0.19289299131251467 -10.079141230335761 -0.7992807716384976 -0.600957529095733 0.0005443455879464755 0.08907821984958067 -0.11748228842434912 0.9890717783128825 0.0 0.0 0.0 0.0 0.0 0.0
-0.7376820565362476 0.5549495898169297 -9.701206713768345 -0.33235135242688035 -0.9429069268290701 0.021658852180625424 0.11352753708240755 -0.017238701973266317 0.9933852855152826 0.0 0.0 0.0 0.0 0.0 0.0
-0.8846560225405026 0.41339124990216797 -9.216020975189794 0.19185211155214252 -0.9770279656593673 -0.09278535235963907 -0.05904705271137302 -0.10589337712171396 0.992622807640374 0.0 0.0 0.0 0.0 0.0 0.0
-1.254556527353839 0.18818604719417703 -8.819510888706269 0.7996525333163068 -0.5777888653839462 -0.1634498485748614 0.15418602590299735 -0.06554601422400444 0.9858652998435369 0.0 0.0 0.0 0.0 0.0 0.0
-1.3672443648743837 -0.10615021131721067 -8.309598057055647 0.8778243418426523 -0.23732041717828986 -0.41605702068206557 0.30444471835608716 -0.3940405522167746 0.8672055446511986 0.0 0.0 0.0 0.0 0.0 0.0
-1.109708851843156 -0.39994912733818583 -7.9670658213978225 0.8886385475074696 0.37702536112948176 -0.2611003809821015 0.3957641506540155 -0.34250286475774594 0.8520930258427438 0.0 0.0 0.0 0.0 0.0 0.0
-0.792517805431635 -0.9304147367072934 -7.724060278767958 0.4976035017625368 0.851807570371742 -0.1637516964524362 0.648747759959642 -0.24018441693034243 0.7221064947853456 0.0 0.0 0.0 0.0 0.0 0.0
-0.40531032323706656 -0.9708812710338892 -7.471448696877202 -0.07198299226894167 0.9566019097286539 0.2823671990998635 0.564634390063128 -0.19425400647167507 0.8021554628173655 0.0 0.0 0.0 0.0 0.0 0.0
0.19380349633930283 -0.9892811657310361 -7.340779241107955 -0.5282608755590867 0.7110701357826097 0.4640255481669602 0.6194334101509236 -0.05095623319461138 0.783393714991009 0.0 0.0 0.0 0.0 0.0 0.0
0.5962916319807609 -0.7122350530427541 -7.100105302852425 -0.7609290958821818 0.3561954649026503 0.5423206632820753 0.6327067212136452 0.2220586966438446 0.741870703138974 0.0 0.0 0.0 0.0 0.0 0.0
0.8314620731854823 -0.30887888037453665 -6.822369029577295 -0.7191315992923429 -0.3373496365319996 0.6074907123824733 0.6507831774260378 -0.020704601825082856 0.7589812747640978 0.0 0.0 0.0 0.0 0.0 0.0
0.9213944000939186 -0.17986910072787038 -6.352279731157548 -0.5889023406511309 -0.7467412304744467 0.30914651524015013 0.4821332053838399 -0.017814048161596093 0.8759167951092159 0.0 0.0 0.0 0.0 0.0 0.0
0.8191440185489551 0.15323432730687955 -5.875865813571259 -0.17662382289337064 -0.9760004912365444 0.12738550267811194 0.22579470695687393 0.08583911289846619 0.970385694972398 0.0 0.0 0.0 0.0 0.0 0.0
0.5927945811721346 0.023084804371491376 -5.311038300355042 0.3980958826408607 -0.9112138401910883 -0.10587259167794003 0.15470146512611602 -0.04700378197866628 0.9868424905563882 0.0 0.0 0.0 0.0 0.0 0.0
0.30769033223761455 -0.34314099553885885 -4.934924571495656 0.9101179659085282 -0.40489059507938824 -0.08802780326000541 0.07147032358213301 -0.05597137690467041 0.9958710748959729 0.0 0.0 0.0 0.0 0.0 0.0
0.4168965719652501 -0.526961287861 -4.477503521953511 0.9632973817177422 0.09580354446166273 -0.25075851978412333 0.24208260471683177 0.09322173887778246 0.9657669076408224 0.0 0.0 0.0 0.0 0.0 0.0
0.5562623179434636 -0.9619771322048849 -4.072246294833756 0.7998885405400263 0.5219342728937955 -0.29624810124551326 0.4004314745009545 -0.09632296539774302 0.9112499769909334 0.0 0.0 0.0 0.0 0.0 0.0
0.9156161951162245 -1.0199283869452922 -3.6580036393519606 0.22154178350452758 0.9097547112954152 -0.3510920156275683 0.48433397562452757 0.20984405054802274 0.849344496953585 0.0 0.0 0.0 0.0 0.0 0.0
1.6012294819526562 -0.96671931809288 -3.4133136957743675 -0.6070248703161197 0.7916903876162256 -0.06889947005433657 0.2087860730904564 0.24260329602266623 0.9473922189053513 0.0 0.0 0.0 0.0 0.0 0.0
1.9033988630137966 -0.7089977018363962 -3.0434160814531785 -0.9085043153787351 0.41672454416879096 0.03099295444983017 0.16198895183461676 0.2826025923561962 0.9454603927595697 0.0 0.0 0.0 0.0 0.0 0.0
1.8049718243719177 -0.45922238201455745 -2.5737629138295373 -0.9886195662990619 -0.15001621675767401 -0.011246681304686144 -0.07125400048416405 0.4009930665334152 0.9133057691743389 0.0 0.0 0.0 0.0 0.0 0.0
1.7045337814040853 -0.0755459027940831 -2.22751452805823 -0.8047106644863651 -0.5794061907956379 0.12934145711875156 -0.21715944933041778 0.4899116042437849 0.8442916519744766 0.0 0.0 0.0 0.0 0.0 0.0
1.3563647747728518 0.3485168662440323 -1.90626978875394 -0.42023065998498155 -0.898147359034983 0.12937354392251982 -0.4323032510593164 0.32361079392854575 0.8416590480571583 0.0 0.0 0.0 0.0 0.0 0.0
1.0782421538702356 0.398736010018001 -1.4397745949753464 -0.09707023026289374 -0.9873890520086949 0.12506090664184252 -0.39641194371879457 0.15365059563175829 0.9051237845394923 0.0 0.0 0.0 0.0 0.0 0.0
0.357133423338812 0.460319323784926 -1.3974267727165997 0.43901836964638474 -0.790382264469575 0.42726894004242455 -0.5150392445493327 0.16829832986804694 0.8404821525396473 0.0 0.0 0.0 0.0 0.0 0.0
0.1594701416607967 0.3143069578148235 -0.9886358300070439 0.8683956747151378 -0.1342343386416456 0.47735740746895344 -0.43752075767130433 0.24559878862476595 0.8650183938118168 0.0 0.0 0.0 0.0 0.0 0.0
-0.1042131368865931 -0.06299160601080066 -0.5990365989668937 0.8553901571383472 0.4210721013437839 0.30167194854802765 -0.37155216833976207 0.0929662251686024 0.9237457806019587 0.0 0.0 0.0 0.0 0.0 0.0
0.04680162596853723 -0.33351065390936835 -0.21397701925334586 0.43056337847530224 0.875491306405803 0.21938584622485074 -0.07142122582858751 -0.2093120626184834 0.9752371347234158 0.0 0.0 0.0 0.0 0.0 0.0
0.31975033262894265 -0.3305549033419426 0.2583392032558503 -0.3370776795634123 0.920232834463054 0.1988722411907673 0.08929582639153659 -0.1790744887189825 0.9797747612992935 0.0 0.0 0.0 0.0 0.0 0.0
0.5325744012679031 -0.33589164123033577 0.8032181850199577 -0.7646848786898607 0.6356953297578343 -0.1055863818262156 -0.16127596192887586 -0.030061202944581426 0.9864514119719433 0.0 0.0 0.0 0.0 0.0 0.0
0.5331100316975815 -0.1596508863583001 1.368913624090162 -0.8104909819881391 0.4516033253119496 -0.3730399505188304 -0.39313723198481393 0.0529181024461999 0.9179557675949381 0.0 0.0 0.0 0.0 0.0 0.0
0.4271268685920012 0.234280347499413 1.8171362604680286 -0.867826626141444 -0.3078226812476891 -0.39002838854299055 -0.46340061421179135 0.21786907285351995 0.8589487399385846 0.0 0.0 0.0 0.0 0.0 0.0
0.13340132660248888 0.5344894634890818 2.081925774829772 -0.5256405460593867 -0.798712352003252 -0.29284909953049726 -0.44985234877451313 -0.03134314780153748 0.8925527835304446 0.0 0.0 0.0 0.0 0.0 0.0
-0.3007865696172811 0.7502113172106126 2.302211004148079 0.042528917369967265 -0.9988014940136632 0.024225332679095594 -0.4371545992396002 0.003265097514496627 0.8993804509226812 0.0 0.0 0.0 0.0 0.0 0.0
-0.9183049086782357 0.72776010871808 2.4817534347940544 0.6944318867365705 -0.6673566988966128 0.2690713494991664 -0.3480038031214889 0.01584522464676476 0.9373592064245562 0.0 0.0 0.0 0.0 0.0 0.0
-1.0195798602958441 0.493359650152618 2.9675906903028877 0.9755041968270708 -0.16367276516704202 0.14697886894157852 -0.14643041768853252 0.015366524757389225 0.9891016139368302 0.0 0.0 0.0 0.0 0.0 0.0
-1.1988803122798777 -0.028593860061047194 3.382869364874383 0.9016133740749313 0.3898162912322315 0.18744754674085817 -0.1734004631783061 -0.07134502934761454 0.9822637966233597 0.0 0.0 0.0 0.0 0.0 0.0
-0.8420220415590512 -0.3649917821084761 3.6168554825076304 0.3057341975585002 0.8254263722979638 0.4745502126838457 0.003042122536593232 -0.4992892645958574 0.866430017802823 0.0 0.0 0.0 0.0 0.0 0.0
-0.7401018431556702 -0.4279760507161305 4.184465983799014 -0.009616590794824775 0.9752674626827024 0.2208186980622985 0.06477044729481204 -0.21979430625799276 0.9733936778579352 0.0 0.0 0.0 0.0 0.0 0.0
-0.344422150597309 -0.5578560908450553 4.651963400143725 -0.512199623139429 0.8522971863172859 0.10602382869649948 0.1952618541205015 -0.004632028186278241 0.9807402064972688 0.0 0.0 0.0 0.0 0.0 0.0
-0.19314001721843937 -0.2774242779995304 5.084100336542224 -0.8552653594669843 0.4869289250248364 0.17726078773932874 0.325454146479075 0.23855468399456034 0.9149706341100967 0.0 0.0 0.0 0.0 0.0 0.0
-0.03500821789152382 -0.01418564608280503 5.437888393206544 -0.9646113666056908 -0.20885558607310717 0.1609479902986068 0.1317607126052441 0.14724325910712938 0.9802849265704686 0.0 0.0 0.0 0.0 0.0 0.0
-0.06493601784456444 0.552014850903968 5.795165385066918 -0.7303356375409444 -0.6771694417046304 0.089729614727253 0.012558978356088405 0.11797890887311138 0.9929366793123121 0.0 0.0 0.0 0.0 0.0 0.0
-0.3270222772453342 0.6962759788540487 6.249347193465529 -0.19661632520516917 -0.9789737825742666 -0.05433556565499054 -0.15743288119692012 -0.023252380838534526 0.9872559013261841 0.0 0.0 0.0 0.0 0.0 0.0
-0.6843339105423807 0.5975140878140409 6.634461581357126 0.45496759028557915 -0.8756493454180584 0.16199603593501694 -0.26986062549087914 0.037765631826805084 0.9621585107779246 0.0 0.0 0.0 0.0 0.0 0.0
-1.0180133247241134 0.5232632366752759 7.046005517727168 0.8813010198659317 -0.45689025489446483 0.1206640268089021 -0.1461852321937846 -0.020737613944683896 0.9890398522083579 0.0 0.0 0.0 0.0 0.0 0.0
-1.3126540854660715 0.054542586287861 7.443692768255458 0.9944134947138387 -0.010816950992761159 0.10499902429180302 -0.10547255339941108 -0.09296530089596915 0.9900671660593185 0.0 0.0 0.0 0.0 0.0 0.0
-1.2804150924601736 -0.15398407650109924 7.970002917173614 0.8617507799564669 0.5069671435713559 -0.0192330076566655 0.0921044422352757 -0.11907146614680392 0.9886044495500611 0.0 0.0 0.0 0.0 0.0 0.0
-0.9454239507068807 -0.4392907710587917 8.354778116928856 0.5680419512326321 0.8210652398323087 0.056393382403764174 0.20723730210487162 -0.2090925461671908 0.9556845754502975 0.0 0.0 0.0 0.0 0.0 0.0
-0.5607810910229319 -0.4236401346168897 8.744728809579712 0.07375064188910982 0.9953645025763801 0.06172803116753148 0.5091471514289863 -0.09082445366242946 0.8558738790316422 0.0 0.0 0.0 0.0 0.0 0.0
0.010523170185062656 -0.5381580538894462 8.968562118010347 -0.5379306258368055 0.8096033299647306 0.23488952700544646 0.3277183332595599 -0.055794760272236336 0.9431265232044638 0.0 0.0 0.0 0.0 0.0 0.0
0.35059090553338035 -0.1874924402513038 9.216642831223718 -0.8700028756785408 0.2576956360670501 0.4203426643383558 0.433743707226777 -0.005504152463986992 0.9010194785612713 0.0 0.0 0.0 0.0 0.0 0.0
0.3976598575565468 -0.0036315253971980835 9.708213978242156 -0.8453616602137429 -0.5143260047807122 0.14433441809553008 0.2208741833423433 -0.09054431884024222 0.9710902746184875 0.0 0.0 0.0 0.0 0.0 0.0
0.2787662890349848 0.29556527353838924 10.31149477576896 -0.6368900114183622 -0.7687825826171852 -0.05783125469821139 0.12451452564742659 -0.17657354141511225 0.9763800066444017 0.0 0.0 0.0 0.0 0.0 0.0
-0.06686575487203571 0.29525343390467246 10.83883027119042 0.019021158359656752 -0.9555334846556958 -0.294268508740572 0.04055185133264197 -0.29334489155336346 0.9551462306647296 0.0 0.0 0.0 0.0 0.0 0.0
-0.4458650842778572 0.07354479284509809 11.114025913039763 0.592862015528832 -0.7965824750381092 -0.11819894671802822 -0.18799473196211602 -0.27965588447550327 0.9415150381341321 0.0 0.0 0.0 0.0 0.0 0.0
-0.5131681928465212 -0.3704703764576975 11.536045237536197 0.9330980403974188 -0.35116785866495165 -0.0775189141253244 -0.05863484776057434 -0.36130690834940726 0.930601564906855 0.0 0.0 0.0 0.0 0.0 0.0
-0.6604054159818423 -0.9709883526507144 11.700107437369704 0.9523200478755279 0.23938711791694625 0.1891569036270421 -0.04933922594787401 -0.49085921403785243 0.8698407168999427 0.0 0.0 0.0 0.0 0.0 0.0
-0.3641023999089273 -1.4513116608678944 11.967932435413065 0.3696862233798378 0.8635347389554293 0.3429866628024057 -0.06650411734907578 -0.3435396496796075 0.9367805033590488 0.0 0.0 0.0 0.0 0.0 0.0
-0.24134382092823034 -1.4527627768646791 12.55735305627299 -0.024767049573741647 0.9867336127277648 0.16044740810815586 0.16559164585541314 -0.15424556926895525 0.9740573449154785 0.0 0.0 0.0 0.0 0.0 0.0
0.21068252524066683 -1.46150431439305 12.773270574078422 -0.6305795751134287 0.653618587207619 0.4185118181204492 0.3300191910326933 -0.2621580352752183 0.9068409442072871 0.0 0.0 0.0 0.0 0.0 0.0
0.5936643969632934 -1.4276434217734988 13.185869139860683 -0.8584231235120786 0.4019372484671941 0.31867881842756285 0.2607830042758209 -0.19299049254415201 0.9459106165322614 0.0 0.0 0.0 0.0 0.0 0.0
0.8147232331533225 -1.2051721354778113 13.62926669992956 -0.9667608516365019 -0.12919176545893157 0.22064211628941074 0.2140525767100088 0.06304892529381094 0.9747852724693276 0.0 0.0 0.0 0.0 0.0 0.0
0.849530761951518 -0.7198659523148839 14.06889154517706 -0.7192540437477171 -0.6919925976451297 0.061805059314773286 0.024934928800435865 0.06327677366003338 0.997684468778027 0.0 0.0 0.0 0.0 0.0 0.0
0.46676556596725655 -0.576508214333995 14.630408333155458 -0.20632865079476068 -0.9584479317009106 -0.19699251274975008 0.04909794432918688 -0.21121091122095328 0.9762066086868408 0.0 0.0 0.0 0.0 0.0 0.0
0.27262121389997657 -0.7543437426625966 15.0303621742193 0.5503645928834002 -0.8033181842053458 -0.22754935689936656 0.2734578867722342 -0.08417727055104378 0.9581935980190227 0.0 0.0 0.0 0.0 0.0 0.0
0.00865813571260862 -1.0489588224935429 15.525192973702746 0.8853018797184765 -0.3232676269599913 -0.3342732761178911 0.34563628500123406 -0.02356833615403932 0.9380725409164666 0.0 0.0 0.0 0.0 0.0 0.0
0.14740842920873448 -1.3258063806057758 15.84536055999061 0.9546118928775839 0.22912862423116462 -0.19030556359342296 0.258412721554493 -0.3191514143510339 0.9117923228765061 0.0 0.0 0.0 0.0 0.0 0.0
0.3456423829750901 -1.8388901933161146 16.09941158473678 0.6577808629611477 0.7531898953123103 -0.005414602618754156 0.28024642169969155 -0.2382085445712393 0.9299024854347742 0.0 0.0 0.0 0.0 0.0 0.0
0.6212686859200126 -1.8787704468967676 16.524986303514126 0.23024284362830397 0.9726548811109955 -0.030507625422303453 0.3277297596305278 -0.04796809408067153 0.9435530014804597 0.0 0.0 0.0 0.0 0.0 0.0
1.0856499960867183 -1.9115559207951787 16.710620646474137 -0.40902623540684274 0.8514350420228441 0.3282619502233905 0.514730149866949 -0.08179156795456219 0.8534418622434 0.0 0.0 0.0 0.0 0.0 0.0
1.6806358593566564 -1.6119504285043436 17.114738641699933 -0.8161787276500775 0.5602835689809944 0.141189967283161 0.1941113152254571 0.0358319077960832 0.9803248806824889 0.0 0.0 0.0 0.0 0.0 0.0
1.7420578169580285 -1.2234270386418777 17.537290016862684 -0.9644330468255532 -0.2076378602265276 0.16357083233672584 0.1734046015883269 -0.029723502542700453 0.9844020304451772 0.0 0.0 0.0 0.0 0.0 0.0
1.5646168408077012 -0.7883892932613287 17.76954317328011 -0.7749581469514142 -0.4955304845058095 0.3922874066281865 0.30999600056326126 0.24270381720034742 0.9192373669249758 0.0 0.0 0.0 0.0 0.0 0.0
1.4818325898098144 -0.5047106128199107 18.2854433258981 -0.3581719029439359 -0.9221021331109829 0.14642589953179427 0.16222584714120242 0.09297326074803085 0.9823638568805338 0.0 0.0 0.0 0.0 0.0 0.0
1.0412728926978163 -0.3497226461610707 18.876867369100733 0.2713823193227372 -0.9553403708392154 -0.11694619533701092 0.3290858895134366 -0.02212923950216989 0.9440406633626572 0.0 0.0 0.0 0.0 0.0 0.0
0.8480864052594506 -0.7033681994107356 19.242439161093394 0.9243789384194705 -0.32486757278325173 -0.1999615922131337 0.20436994507211817 -0.021053768204743355 0.9786672899385166 0.0 0.0 0.0 0.0 0.0 0.0
1.9755886964227558 -1.1250482848465104 18.85462284801066 -0.8891333788073117 0.3658815256080945 0.2749046087452645 -0.33806028178564423 -0.12025017054639116 -0.9334104897431647 0.0 0.0 0.0 0.0 0.0 0.0
1.6938651972293965 -1.4151942944353137 18.517246566095334 -0.49100817508558814 0.8473792230782324 0.20213714229317573 -0.4686530653999956 -0.06123122859747814 -0.881257647306184 0.0 0.0 0.0 0.0 0.0 0.0
1.1406653557173045 -1.7410997299835638 18.442199606715192 0.013056686444875534 0.9831684892991485 -0.18223403795205312 -0.506906415199207 -0.15056799819936365 -0.8487491762282457 0.0 0.0 0.0 0.0 0.0 0.0
0.596989463489082 -1.4913125146748065 18.172572053298897 0.6422436087908144 0.6797373541776727 -0.3542319526848027 -0.39956664230965977 -0.09762389989414573 -0.9114911258607196 0.0 0.0 0.0 0.0 0.0 0.0
0.4938444079204822 -1.426708147452454 17.739657196525005 0.9497588111517183 -0.008073129297662874 -0.31287861100276226 -0.3129441714771715 -0.017158683700709457 -0.9496165147637892 0.0 0.0 0.0 0.0 0.0 0.0
0.48242325076308973 -1.1361565214839164 17.23115021131721 0.9285912988662239 -0.35234941430211125 -0.11648214417196404 -0.06930526293271042 0.14378469818663595 -0.9871791838856844 0.0 0.0 0.0 0.0 0.0 0.0
0.6571965250058698 -0.6435747472375788 16.848925982055825 0.40592320307251223 -0.9050182913028831 -0.12715441641784067 -0.11927329818324489 0.08544679028025325 -0.9891778032140093 0.0 0.0 0.0 0.0 0.0 0.0
1.0242481162885009 -0.6378791436316675 16.338406369399557 -0.24276078805720672 -0.9689890224837271 0.046124549730866576 -0.10667872225197762 -0.020512338801601405 -0.9940819353431455 0.0 0.0 0.0 0.0 0.0 0.0
1.1341746888941064 -0.8733466384910384 15.908499647804648 -0.7253552490792422 -0.6727750689752793 0.1457170861584146 -0.1780607654337556 -0.021126863391776256 -0.9837926709710589 0.0 0.0 0.0 0.0 0.0 0.0
1.366173104015027 -1.243964985912186 15.439554472880952 -0.9727835176302115 0.019582490289718348 0.23088688551116357 -0.23121187259039097 -0.01334054322383267 -0.972811955045649 0.0 0.0 0.0 0.0 0.0 0.0
1.1747035689128904 -1.3663712138999766 15.019594535102135 -0.852733944817054 0.4260041069000944 0.3022669685245126 -0.3504649531572634 -0.03751454918493722 -0.9358242223879055 0.0 0.0 0.0 0.0 0.0 0.0
0.8002722176567268 -1.9153410424982387 14.73280846442827 -0.5433784830497803 0.8218762774862105 0.1710532334214381 -0.4072311775377699 -0.07997794708626048 -0.9098166276899256 0.0 0.0 0.0 0.0 0.0 0.0
0.3977342099084293 -1.8302653204977697 14.355936448305547 0.1042862749960033 0.9935017764249204 0.045591590101523874 -0.384878231861285 0.08248796533104517 -0.9192738885744962 0.0 0.0 0.0 0.0 0.0 0.0
0.045433200281756285 -1.7425686780934493 14.071147374187992 0.671139216541102 0.7231933413864939 -0.16298325986074133 -0.4575587306573292 0.23108149963696062 -0.8586275959487834 0.0 0.0 0.0 0.0 0.0 0.0
-0.46531609532754176 -1.3077343566564918 13.804274771073018 0.9561467146783145 0.23871031690818026 -0.16970811592691173 -0.2286974945978443 0.24600135271034212 -0.9419027499850242 0.0 0.0 0.0 0.0 0.0 0.0
-0.5174710239279386 -0.8433086440834735 13.569539015418325 0.8702289095189598 -0.34099527656257944 -0.3555613398549563 -0.17983512556201153 0.4522405661243471 -0.8735775855444241 0.0 0.0 0.0 0.0 0.0 0.0
-0.39881354191124674 -0.3662611528527824 13.171192621507396 0.5786425887470418 -0.7448484387062985 -0.3322251613663716 0.027234286085768115 0.4247627769989276 -0.9048949535374576 0.0 0.0 0.0 0.0 0.0 0.0
-0.0827018719716536 -0.16535393854013247 12.76582566685877 -0.004107456460798273 -0.9547969245692024 -0.297230485708676 0.03752254416047278 0.29683364996024 -0.9541917223131875 0.0 0.0 0.0 0.0 0.0 0.0
0.1525397198090318 -0.26315645300148693 12.31064021288252 -0.5987069570691644 -0.7202071399036445 -0.35050200454318947 0.26360391648019815 0.23608569849977887 -0.9352948830075851 0.0 0.0 0.0 0.0 0.0 0.0
0.47096736323080546 -0.4460671519135947 11.814353917194957 -0.8990527525393912 -0.42332643577653156 -0.11179837621397846 0.03619081842177509 0.18266274651216044 -0.9825093107439727 0.0 0.0 0.0 0.0 0.0 0.0
0.6524436665314804 -0.8169117804008624 11.322657189409947 -0.9854906235883231 0.16207007602778778 0.05041350291186877 -0.02530897748610762 0.1531033021476193 -0.9878860432914833 0.0 0.0 0.0 0.0 0.0 0.0
0.43320810831963674 -0.8797057212178129 10.868611567660638 -0.5279034403314475 0.8361760815583091 0.14875321279224135 0.003900434964206802 0.17747356342808493 -0.9841178389254142 0.0 0.0 0.0 0.0 0.0 0.0
0.14950325780699691 -0.8988685724348439 10.31393813101667 -0.06731634832035416 0.9560373026952723 0.2854140590509882 -0.37666983787457764 0.24050901649790316 -0.8945810450813 0.0 0.0 0.0 0.0 0.0 0.0
-0.27204522775299367 -0.7873143637003989 10.016186311340688 0.5594992203401022 0.8234652921931662 0.0941569699599624 -0.3813249775045427 0.35667329679944315 -0.852863072762197 0.0 0.0 0.0 0.0 0.0 0.0
-0.8177300120244475 -0.42170946373810886 9.96721737212463 0.8639857347389238 0.41397371383535647 -0.286625913729035 -0.4658291167724562 0.44074473031320366 -0.767298714105618 0.0 0.0 0.0 0.0 0.0 0.0
-0.8379901385301713 0.024277999530406193 9.607779603975892 0.879783843885862 -0.2716689250750958 -0.39009791487004786 -0.29738418897378643 0.3258031815584108 -0.8974491244827311 0.0 0.0 0.0 0.0 0.0 0.0
-0.7896493699616499 0.4426078109102294 9.20212882523284 0.5280796282933371 -0.8030687481252176 -0.27606610071895243 -0.22071524625358435 0.18406869001799064 -0.9578118277753103 0.0 0.0 0.0 0.0 0.0 0.0
-0.5370267597316201 0.8244608565106335 8.78069969476403 0.09767487379401844 -0.9801103970764975 -0.1727519278383684 -0.13441116891007104 0.15893767007922702 -0.9780963422393599 0.0 0.0 0.0 0.0 0.0 0.0
-0.37513892149956946 0.7187876653361506 8.305435548250761 -0.5826898189575341 -0.8077261703504345 -0.0897274128360847 0.029317710518950373 0.08941624030370988 -0.9955627593576792 0.0 0.0 0.0 0.0 0.0 0.0
-0.2326093762229005 0.6097166784065118 7.765062221178681 -0.8844370093098275 -0.4617809303884307 0.06730192339512689 0.04755650718484995 -0.23256198003765752 -0.9714181921630568 0.0 0.0 0.0 0.0 0.0 0.0
-0.014282255224231042 0.20556468654613758 7.430698227283397 -0.9938518397433622 0.0791017528528854 -0.07746891850500591 0.04539565463213384 -0.34720132740065096 -0.9366912366365696 0.0 0.0 0.0 0.0 0.0 0.0
-0.0106282284573844 -0.349021924160601 7.165931703451514 -0.77826783620302 0.5947510495210714 -0.20142086343140672 -0.12199534397182041 -0.45783827445138187 -0.8806254882165166 0.0 0.0 0.0 0.0 0.0 0.0
-0.4556564040854661 -0.6749090162009861 6.794413301244422 -0.1212443403160342 0.9475711520083893 -0.2956496606167909 -0.27984152942462115 -0.3184686514889825 -0.9056856167722207 0.0 0.0 0.0 0.0 0.0 0.0
-0.4341159896689363 -0.49878296939813715 6.09804335916099 -0.12023467318372438 0.9878983222035858 0.09798228590793044 -0.40800181412244263 0.04078697114040755 -0.9120695931002125 0.0 0.0 0.0 0.0 0.0 0.0
-0.9018438894106596 -0.48223981568443297 5.856278615872271 0.6327353859277867 0.7462939729664319 -0.20661857929236105 -0.42097813117194843 0.10764148414938875 -0.9006612703814296 0.0 0.0 0.0 0.0 0.0 0.0
-1.2936170818302775 -0.034717923541591075 5.556845752666367 0.9733997125105001 0.10491957008647895 -0.20367838249884096 -0.22679420611515244 0.3134963323402947 -0.9221086908178348 0.0 0.0 0.0 0.0 0.0 0.0
-1.3262858687841075 0.37300333696201265 5.114897507595325 0.9181315845866231 -0.3869749070918396 -0.08535112574371054 0.048842913933552695 0.3241928865358012 -0.944729242734692 0.0 0.0 0.0 0.0 0.0 0.0
-1.1484033810753695 0.5151365735305626 4.650250450027394 0.524169503698566 -0.8483222392164672 -0.0748044774272096 0.14533509481446363 0.17561711697884408 -0.9736715762716449 0.0 0.0 0.0 0.0 0.0 0.0
-0.5233622916177505 0.844648831885419 4.3057605952101445 -0.025739633378332977 -0.9976905720340777 -0.0628569307862194 0.15864009922354827 0.05799804971647602 -0.985631546343474 0.0 0.0 0.0 0.0 0.0 0.0
-0.34223849495186665 0.7474869394223995 3.9517932613289504 -0.664205930831416 -0.7159127569136213 -0.21517296748595158 0.2088680673559243 0.09853719239646812 -0.9729668813241397 0.0 0.0 0.0 0.0 0.0 0.0
-0.011919611411129386 0.5919486675275886 3.529984297957267 -0.9416739024151847 -0.29097378914928823 -0.1690695582837515 0.21721922568578889 -0.14182693784265363 -0.9657644266044606 0.0 0.0 0.0 0.0 0.0 0.0
0.14455784808640523 -0.012895486029584414 3.260940068091102 -0.8385869309040715 0.4335653008723164 -0.32983797415759714 0.23936033192135947 -0.25072079289746196 -0.9380009144512411 0.0 0.0 0.0 0.0 0.0 0.0
0.04947562025514594 -0.04179384832120217 2.673593175236753 -0.6875890225874592 0.6953046614108571 -0.20921941553678958 -0.14679130693374068 -0.4152616538304606 -0.8977806363843426 0.0 0.0 0.0 0.0 0.0 0.0
-0.287537265114161 -0.5242160985293176 2.304286110696066 -0.18125934802109125 0.9734989700617825 -0.13944462715937708 0.008964880654989071 -0.14012263527219773 -0.9900935703251569 0.0 0.0 0.0 0.0 0.0 0.0
-0.660388295374501 -0.41013148626438123 1.7043356715191358 0.5334946250401209 0.8228128640041862 0.19586341129095325 0.12193585115955138 0.15436517603137673 -0.9804606267621346 0.0 0.0 0.0 0.0 0.0 0.0
-0.7107586785915033 -0.05421673888450127 1.2004880929511124 0.859156086686945 0.37159761193371443 0.3518039702930242 0.3376996269143585 0.10466968225687096 -0.9354160676395017 0.0 0.0 0.0 0.0 0.0 0.0
-0.61403791969946 0.4215558229631369 0.911283458558347 0.9350893892205755 -0.2508867401758775 0.25032714149890506 0.2988260574213405 0.17838562592973897 -0.937486829703582 0.0 0.0 0.0 0.0 0.0 0.0
-0.22110163770838223 0.7917975170227753 0.5618176215073962 0.6456481566451884 -0.7318340706498334 0.21807647937539001 0.41110650390744635 0.09237278739478244 -0.9068950934887205 0.0 0.0 0.0 0.0 0.0 0.0
0.2174183725017254 0.9807146363849815 0.261492596782571 0.19450357143926017 -0.9803577324366547 0.032666146834808445 0.39237527670635464 0.04721220434782224 -0.9185927552458876 0.0 0.0 0.0 0.0 0.0 0.0
0.549560489551538 0.8827666412303357 -0.06855702629725287 -0.5093008033432836 -0.8157521951661573 -0.2741551527793736 0.6035274044537557 -0.11155671681479228 -0.7894996966477041 0.0 0.0 0.0 0.0 0.0 0.0
0.4918674891673248 1.3519285363615015 0.7056216070069087 0.8771509162613932 -0.18297315835167458 -0.4439899699594705 0.4357658400637578 0.6918664512631603 0.5756986592394051 0.0 0.0 0.0 0.0 0.0 0.0
0.9555725131094936 1.4637082257180873 0.9445292322141345 0.4299048836643516 0.27326591728748206 -0.8605274716419989 0.5396492966483407 0.6863709717395503 0.4875177184269888 0.0 0.0 0.0 0.0 0.0 0.0
1.5921328808156705 1.3994713512205883 1.2288771727607135 -0.20626763548510724 0.6016294924601815 -0.7716836245207536 0.5768253234150298 0.7118012856724342 0.4007636160908523 0.0 0.0 0.0 0.0 0.0 0.0
1.9261915942709553 1.748755576426391 1.2074313219065507 -0.6362602878206572 0.6918837196380294 -0.3412766687633643 0.607983334634779 0.7220238670330392 0.330208722236452 0.0 0.0 0.0 0.0 0.0 0.0
2.321491987555764 2.1533590631603663 1.3296511798544257 -0.8167741608915172 0.3752697100030345 -0.43823808010509124 0.264930423407042 0.9187554369877359 0.2927461660873458 0.0 0.0 0.0 0.0 0.0 0.0
2.033997857478281 2.8137253463254277 1.75 -0.3426708838087079 0.7372231190040184 -0.5823046781503186 -0.12438390247824893 -0.6499669926960014 -0.7497143143958221 0.0 0.0 0.0 0.0 0.0 0.0
1.6953510213665182 2.590675628081709 1.4106817915003522 0.4719658676564184 0.5489030179395102 -0.6898939749441373 -0.24568115612757124 -0.6695771810326447 -0.7009330696751274 0.0 0.0 0.0 0.0 0.0 0.0
1.3591548779056117 2.484917967832825 1.0593669288565388 0.9806038038865539 -0.17238593887716971 -0.09326986587670036 -0.19339893033272718 -0.7772933318617594 -0.5986751456252395 0.0 0.0 0.0 0.0 0.0 0.0
1.2712686859200124 2.570008609219691 0.5425089116096394 0.5274390614715421 -0.7421487679112853 0.4135495650122003 -0.4725540023737398 -0.6608145356489782 -0.5831096503365254 0.0 0.0 0.0 0.0 0.0 0.0
1.172325271973077 2.166396650230884 0.2644869687720123 0.18645637406958884 -0.6232560030256805 0.7594642685875844 -0.3923695606985816 -0.7559637201525852 -0.5239894862020289 0.0 0.0 0.0 0.0 0.0 0.0
1.497630685820402 1.7350352551103898 -0.17069023173742592 -0.30154473230916834 -0.36204039377552816 0.8820416813798838 -0.2719510229161774 -0.8540057600436145 -0.4435276800236635 0.0 0.0 0.0 0.0 0.0 0.0
1.464815684432965 1.312158566173593 -0.23673788839320647 -0.8848657144516732 0.03158312020756362 0.4647743257817549 -0.29623922218468307 -0.8081236790894148 -0.5090957105833857 0.0 0.0 0.0 0.0 0.0 0.0
0.9853031814980043 0.6401333939891992 -0.46166206856069497 -0.8429101278225802 -0.5249369291841073 -0.1180836008634601 0.4268726391982336 -0.5189972728920376 -0.7405549139898828 0.0 0.0 0.0 0.0 0.0 0.0
1.3101133428675105 0.06922951041288679 -0.5693291212192363 -0.9588452570660729 -0.0408853409847099 -0.28097003736067727 0.2587017658034613 -0.5336987632101262 -0.805132924751033 0.0 0.0 0.0 0.0 0.0 0.0
1.2443612056820847 -0.32724451162244655 -0.8886108828363465 -0.6683850545857829 0.6302849293243786 -0.39497129854322727 0.15870768418540862 -0.39799437821693623 -0.9035553917100042 0.0 0.0 0.0 0.0 0.0 0.0
1.0593395803539027 -0.8193415725700299 -1.2810198723558668 -0.2439919086564336 0.9110026887860718 -0.332478645231146 0.12326499702804715 -0.3109115408344226 -0.9424116692208563 0.0 0.0 0.0 0.0 0.0 0.0
0.981196681537137 -0.8454136338733661 -1.7774516709712762 0.3967163594962072 0.8994749480572074 -0.18319647356202096 0.05888376488019675 -0.2241055179915956 -0.9727843641009308 0.0 0.0 0.0 0.0 0.0 0.0
0.5813718008922283 -0.8238142756515612 -2.318201162244658 0.6549090094627802 0.755635544669246 0.010445714762152182 0.029213269592977334 -0.011528425657098385 -0.9995067184774482 0.0 0.0 0.0 0.0 0.0 0.0
0.4846061281991077 -0.45443839516318374 -2.7805015848790795 0.9832713960422517 0.17572408557613373 0.04794170912215206 0.0415333162444565 0.03990677785282372 -0.9983398382931252 0.0 0.0 0.0 0.0 0.0 0.0
0.6485716521875242 -0.2966815371370431 -3.1247358534867335 0.8842633986480182 -0.4645612701095209 -0.04755069006528581 -0.06850268570313418 -0.028335711609491672 -0.9972484492337109 0.0 0.0 0.0 0.0 0.0 0.0
0.8026962510761523 0.02230570556468654 -3.5284182515457454 0.33979298214582354 -0.9402195670786176 -0.0229759649839754 0.009512272555230537 0.02791311104163263 -0.9995650928793045 0.0 0.0 0.0 0.0 0.0 0.0
1.3276554061986383 0.1071701103545433 -4.105295403850669 -0.21822917134563236 -0.9676691802915719 0.1264610069849042 -0.06463687046536333 -0.11492971049919934 -0.9912684987534982 0.0 0.0 0.0 0.0 0.0 0.0
1.4038271894810987 -0.14982390232448936 -4.503353682398059 -0.7137389055949657 -0.6695901073107413 0.2054893253473053 -0.012686237028893531 -0.28090756854027626 -0.959650976827949 0.0 0.0 0.0 0.0 0.0 0.0
1.732441594270955 -0.5657724818032402 -4.888420110354541 -0.9335085871207287 -0.1962139927374636 0.3001029603750744 -0.23949377732916258 -0.2817068223271888 -0.9291307749046563 0.0 0.0 0.0 0.0 0.0 0.0
1.4614089281521483 -0.802036863113407 -5.176416852547545 -0.8972180636003166 0.4330959591130346 0.0861837371506879 -0.20041633845711992 -0.22531455150786334 -0.9534498645226457 0.0 0.0 0.0 0.0 0.0 0.0
1.197264616107067 -1.0533380292713468 -5.558683572043515 -0.4464836494080841 0.8911727503860711 0.08039576966833673 -0.3675639525536161 -0.10077620746887406 -0.9245219828599824 0.0 0.0 0.0 0.0 0.0 0.0
0.7102752993660483 -1.1664269781638883 -5.905435548250762 0.0734915578649418 0.9951301316823249 -0.06568875048668917 -0.6026535039531408 -0.008086987917699696 -0.7979620008493016 0.0 0.0 0.0 0.0 0.0 0.0
0.08840470180793611 -1.0803078774360175 -5.917512913829536 0.5497518777572631 0.7889042046268968 -0.2745961194634164 -0.6762704308641154 0.2272119647549612 -0.7007374882301174 0.0 0.0 0.0 0.0 0.0 0.0
-0.163915629647022 -0.8047311575487203 -6.194466619707287 0.7783962756637249 0.2442133082476555 -0.5783243883043303 -0.623844333713173 0.19831039108357154 -0.7559703936545719 0.0 0.0 0.0 0.0 0.0 0.0
-0.49448227283399854 -0.44787117476715965 -6.476606402128826 0.7999547645301247 -0.22112278884925138 -0.5578324900515226 -0.4692475119910911 0.348841322601714 -0.8112438006762565 0.0 0.0 0.0 0.0 0.0 0.0
-0.6241292948266417 -0.07383579870079046 -6.902598419034201 0.5837663317158498 -0.6621880614913881 -0.46981255961638363 -0.30516408947849194 0.3572123524006888 -0.8827650954728156 0.0 0.0 0.0 0.0 0.0 0.0
-0.20066596939102221 0.33163639209659396 -7.319181483774111 -0.14227504287730217 -0.9458863086829573 -0.2916451666330011 -0.05763935584502802 0.3019855970570357 -0.9515683915661953 0.0 0.0 0.0 0.0 0.0 0.0
-0.31598184237301397 0.29906863896063235 -7.903486733975111 -0.467532250286536 -0.8776325158929603 0.10571074680183075 -0.31428622993077504 0.0532601449384405 -0.9478330668620063 0.0 0.0 0.0 0.0 0.0 0.0
-0.00468882295602183 0.03629746632798994 -8.400631105608799 -0.8644506012127104 -0.4752518312864522 0.1638928153454485 -0.1715854339095252 -0.0274517757146474 -0.984786697148267 0.0 0.0 0.0 0.0 0.0 0.0
-0.16862819910777177 -0.12480189011505048 -8.849286070673866 -0.9150819309830975 0.15659641214325065 0.37162161305837244 -0.37775545449176523 -0.010330758565324134 -0.9258477693601604 0.0 0.0 0.0 0.0 0.0 0.0
-0.36159823315332235 -0.7202541676449871 -9.190031404085467 -0.7399186388307379 0.6281940951807226 0.24060878348668194 -0.37262867299941926 -0.08485402444660943 -0.9240928885095406 0.0 0.0 0.0 0.0 0.0 0.0
-0.8186478544543817 -0.8501960198367804 -9.464435384604437 -0.24535150938384687 0.9674019559495514 0.06273828550454769 -0.28162587186896065 -0.009285422711448242 -0.9594793636233754 0.0 0.0 0.0 0.0 0.0 0.0
-1.114976128981764 -0.6770212099866947 -9.857039993738749 0.47310033984113864 0.8796148579519807 0.049535543928737685 -0.21514598721895206 0.16979492131073207 -0.9617077980762477 0.0 0.0 0.0 0.0 0.0 0.0
-1.5781286687015728 -0.40726256163418645 -10.19902339164123 0.8457832290375109 0.5242550511189511 0.09903217080902123 -0.12773681803213427 0.3790453611164537 -0.9165194594416 0.0 0.0 0.0 0.0 0.0 0.0
-1.555734914299131 -0.04244687720122093 -10.461383247241134 0.9628577854582465 -0.05298802739423446 -0.2647586711239298 -0.21872936612034777 0.421990011410458 -0.8798192397682562 0.0 0.0 0.0 0.0 0.0 0.0
-1.534944382484151 0.3660520368631134 -10.798643314158255 0.7887584708771003 -0.5372702627713583 -0.29866492824102114 -0.0560536284848704 0.4209808374358595 -0.9053359184554 0.0 0.0 0.0 0.0 0.0 0.0
-1.3955701651404868 0.7020505595992801 -11.181016670579945 0.2406533542723078 -0.9369509042921086 -0.25339488160514784 -0.12312281291932 0.2295233743282431 -0.9654842275127085 0.0 0.0 0.0 0.0 0.0 0.0
-1.1445879314393048 0.9218791578617828 -11.62020427330359 -0.21982991374718636 -0.9324377402696985 -0.2867658793208193 0.13473518668126233 0.2620989106469684 -0.9555891326860293 0.0 0.0 0.0 0.0 0.0 0.0
-0.837091306644752 0.9168855658605305 -12.105585231274947 -0.6049697331181415 -0.7936825472881679 -0.06387202941139161 0.13814468745935543 -0.02579285881722704 -0.990076145435689 0.0 0.0 0.0 0.0 0.0 0.0
-0.39559609063160367 0.6025402089692415 -12.597073843625264 -0.9796845423804195 -0.19657100850351444 0.039724501718453695 -0.03478120893230444 -0.028592673267703195 -0.998985849019201 0.0 0.0 0.0 0.0 0.0 0.0
-0.5402402754950301 0.36875244580104866 -12.982793300461767 -0.8460457010068619 0.5289131694669543 0.06676474348208583 -0.15322972090599776 -0.12131730206677344 -0.9807154352054979 0.0 0.0 0.0 0.0 0.0 0.0
-0.7207560460201924 0.1401346168897237 -13.425604602019256 -0.38758867381228274 0.9192670258982976 0.06872521392134372 -0.1698029397974415 0.002109970945580604 -0.9854757783216973 0.0 0.0 0.0 0.0 0.0 0.0
-1.0794090455505987 0.04921930030523599 -13.802293672223525 0.13932158761655625 0.9877682872033154 0.07002361044269781 -0.2590676434758712 0.1046147677500181 -0.9601769141530474 0.0 0.0 0.0 0.0 0.0 0.0
-1.424986303514127 0.21055020740392888 -14.192259528840887 0.6820935694364871 0.730365910972508 0.036249118922959525 -0.2103493163487317 0.24338572815246814 -0.946845580041072 0.0 0.0 0.0 0.0 0.0 0.0
-1.7017257572200044 0.5635008217891524 -14.41156374735853 0.9561606843168341 0.17533201737566578 -0.2345536813817738 -0.2605696147577779 0.1438070629569542 -0.9546847670873763 0.0 0.0 0.0 0.0 0.0 0.0
-1.732943428177051 1.1780151835329107 -14.723395020882698 0.7978202531186679 -0.5416514285741292 -0.26475757522169135 -0.12990743880287678 0.2744297091727347 -0.9527918933676152 0.0 0.0 0.0 0.0 0.0 0.0
-1.5934804727244267 1.274277999530406 -15.244580104875947 0.3910419886517576 -0.8978352772945126 -0.2024301804493699 -0.08125399957384305 0.1854073267517261 -0.9792966408295458 0.0 0.0 0.0 0.0 0.0 0.0
-1.1003573315332236 1.6124897276355952 -15.58760492486499 -0.11358737090990347 -0.9782689005294672 -0.1734585467097066 0.16713760392429056 0.15326086000352193 -0.9739487307581585 0.0 0.0 0.0 0.0 0.0 0.0
-0.906092245832355 1.4666331591922985 -16.05782974289739 -0.6735301940939388 -0.7257727731133448 -0.14003913542701718 0.19540027877525665 0.00782605292656127 -0.9806923492870445 0.0 0.0 0.0 0.0 0.0 0.0
-0.5838146669797291 1.2257572200046958 -16.329521796978952 -0.8904474035946939 -0.23310987046946932 -0.39084934402039806 0.4230055884193047 -0.10716426403938739 -0.899767799312097 0.0 0.0 0.0 0.0 0.0 0.0
-0.37082868631134075 0.9370157313923455 -16.655266787978395 -0.8205176650465277 0.4724962405531085 -0.3217111499618458 0.3094187175435946 -0.10612481916679356 -0.9449854919470947 0.0 0.0 0.0 0.0 0.0 0.0
-0.34141670579948347 0.7074283869452921 -17.184942915003518 -0.5301152902376026 0.8477853358248856 0.015420875999378972 0.22082175097143647 0.15569820728604736 -0.9628062227394565 0.0 0.0 0.0 0.0 0.0 0.0
-0.7398450340455507 0.6140152404533713 -17.68462507203996 0.28078252915377294 0.9452140592457122 0.16652793617364633 0.18744389605282136 0.11619409774282738 -0.9753787559108869 0.0 0.0 0.0 0.0 0.0 0.0
-0.7310731685841748 0.8736939422399623 -18.158465895750176 0.5812284610785518 0.659596343471165 0.476556544086562 0.29588513464016675 0.3742822182020612 -0.878842880290166 0.0 0.0 0.0 0.0 0.0 0.0
-0.6731810577600376 1.2966035160835874 -18.590433493777883 0.7468568007468874 0.2374630925862703 0.6211410458482747 0.4826155175303042 0.44908187635995306 -0.7519359883420799 0.0 0.0 0.0 0.0 0.0 0.0
-0.58158480792902 1.898507260916277 -18.84186428739141 0.7363681919374746 -0.4507805281442337 0.5045382060347265 0.6567296135270749 0.29688309105170135 -0.6932291431872767 0.0 0.0 0.0 0.0 0.0 0.0
-0.1034924145452893 2.22197017321952 -18.821842171038185 0.35908259250900754 -0.9330918953549198 0.019980154653392496 0.7503379833095865 0.27593118621113866 -0.6007119869613198 0.0 0.0 0.0 0.0 0.0 0.0
