t = 0
b = 58 58 58
E = 0 0 0
0.32507824897766113 1.0767905712127686 -18.6162052154541 -0.35297075377826403 0.8952628858122985 -0.271874993819291 -0.7557481430650034 -0.10149843012731295 0.6469488487782401 0 0 0 0 0 0
0.33182263374328613 1.2633323669433594 -18.18657112121582 -0.8027764008435684 0.34620609305463507 -0.48548057775825765 -0.5788597743770026 -0.25711843575318843 0.7738290971552046 0 0 0 0 0 0
0.2584202289581299 1.5748465061187744 -17.637521743774414 -0.7569403183696046 -0.08449677676622738 -0.647998186064313 -0.644602256568226 -0.06638785734949704 0.7616302142271497 0 0 0 0 0 0
-0.19764208793640137 1.9317635297775269 -17.467485427856445 -0.5131461708097782 -0.7334430218091504 -0.445805272672637 -0.4655080327646259 -0.19855183095881798 0.8624844589060775 0 0 0 0 0 0
-0.5615489482879639 1.7929911613464355 -17.251955032348633 0.09601811529397196 -0.9579368641310145 -0.27043943106402196 -0.47491405805569054 -0.2828646826709368 0.8333331919217827 0 0 0 0 0 0
-1.2337367534637451 1.6288938522338867 -17.245439529418945 0.5914981954882125 -0.7923780706688963 0.14922090288302778 -0.5196221548855995 -0.23309345191513503 0.8219855587699413 0 0 0 0 0 0
-1.6344707012176514 1.1723276376724243 -17.055925369262695 0.8845655518153517 -0.31357254164793763 0.34527676676262853 -0.44318496667497476 -0.33435850757567 0.831740027728059 0 0 0 0 0 0
-1.7287547588348389 0.699945867061615 -16.652109146118164 0.8844671446662568 0.3336556221008805 0.3261775526402656 -0.2193934293789269 -0.3195756265856614 0.9218123138891863 0 0 0 0 0 0
-1.6052882671356201 0.3221280872821808 -16.15329933166504 0.6669671402659477 0.7359965205634788 0.1160342859844301 0.11022037605966681 -0.25147947106915175 0.9615661934219847 0 0 0 0 0 0
-1.3183162212371826 0.333787202835083 -15.66120433807373 0.1291613308732464 0.9883038070534972 0.08107364288482266 0.30837334484723294 -0.11773654854358881 0.9439512621554002 0 0 0 0 0 0
-0.8745982646942139 0.18695375323295593 -15.266650199890137 -0.43274422391822037 0.9002188855732919 0.04835695113008893 0.16257529170557455 0.025166572626657585 0.9863751406787757 0 0 0 0 0 0
-0.7265117168426514 0.3949165940284729 -14.855952262878418 -0.8553645650931819 0.49336621392852736 0.1579279574261081 0.27950454166877065 0.182866650244079 0.9425693605327092 0 0 0 0 0 0
-0.46576952934265137 0.9072750806808472 -14.561572074890137 -0.9519037744870515 -0.21002077556101673 0.2230929805037662 0.18786015944428797 0.1751456265946615 0.9664536046693241 0 0 0 0 0 0
-0.6171596050262451 1.132217526435852 -13.932818412780762 -0.7840765004716062 -0.6020565626107036 -0.15083745166762452 -0.15340729547073295 -0.04749827981371873 0.9870208281039935 0 0 0 0 0 0
-1.1077449321746826 1.2915310859680176 -13.581034660339355 -0.1501645307138483 -0.9788678894793105 -0.13881018932992611 -0.1896346360845629 -0.10927755579126407 0.9757546415966275 0 0 0 0 0 0
-1.3831889629364014 1.1678746938705444 -13.127421379089355 0.4513429429992746 -0.8757673838667622 -0.17123386686026967 -0.1263486490088828 -0.25267595911857554 0.9592658018386448 0 0 0 0 0 0
-1.7378489971160889 0.7668843269348145 -12.852129936218262 0.929048303076471 -0.36837653969200657 0.03417565734953542 -0.12288703180883534 -0.220145273379887 0.9676956319120744 0 0 0 0 0 0
-1.6984202861785889 0.4687000513076782 -12.473116874694824 0.9641011049579967 0.24002515317352516 0.11356489449999817 -0.02890903163958947 -0.330261944970783 0.9434465091322226 0 0 0 0 0 0
-1.6408183574676514 -0.0904761329293251 -12.129389762878418 0.7494519400406513 0.6600824627923157 0.05111684539694612 0.2949356048685245 -0.40199555551814187 0.8668405633820433 0 0 0 0 0 0
-1.1574656963348389 -0.3434808850288391 -11.842257499694824 0.04591100692218062 0.9594957991783266 0.27795681463589994 0.2565784665578383 -0.2802418524814721 0.9250037808661007 0 0 0 0 0 0
-0.7367732524871826 -0.40712153911590576 -11.39441967010498 -0.3730790456358981 0.885857929165275 0.27580383435046457 0.2256023581925254 -0.20172819988592564 0.9531050883028355 0 0 0 0 0 0
-0.3713252544403076 -0.20141766965389252 -10.98010540008545 -0.8217612616350033 0.538713082595696 0.18573272063987661 0.25413880594594906 0.05475045347991027 0.9656168262598325 0 0 0 0 0 0
-0.27398180961608887 0.17264313995838165 -10.528605461120605 -0.9775593931522735 -0.13450918887042723 0.1621262192527127 0.15536534802137833 0.05939330730333278 0.9860699993822791 0 0 0 0 0 0
-0.42853808403015137 0.18669427931308746 -10.067118644714355 -0.7992764444846171 -0.6009632689124911 0.0005609902330810922 0.08903467230889019 -0.11749213108390727 0.9890745301847635 0 0 0 0 0 0
-0.7336680889129639 0.5487508773803711 -9.689181327819824 -0.3323500765340435 -0.942907487325718 0.021654029022709607 0.11354682281023437 -0.01720904570385591 0.9933835954834689 0 0 0 0 0 0
-0.8806407451629639 0.40719255805015564 -9.203997611999512 0.19185661557056388 -0.9770269441314738 -0.09278679595137797 -0.059063859694623466 -0.10586633016152225 0.9926246927293847 0 0 0 0 0 0
-1.2505443096160889 0.18198733031749725 -8.807482719421387 0.7996518969197866 -0.57779001911728 -0.16344888363350893 0.15416173175796785 -0.0655318286950909 0.9858700420893527 0 0 0 0 0 0
-1.3632304668426514 -0.11234892904758453 -8.297572135925293 0.8778284385269836 -0.237320212567232 -0.41604849383253584 0.30447200378820544 -0.3940583862456642 0.8671878615032952 0 0 0 0 0 0
-1.1056926250457764 -0.406147837638855 -7.955042362213135 0.8886390110678098 0.37703241320343645 -0.261088619825564 0.39569095580079233 -0.3425435541987892 0.8521106623991492 0 0 0 0 0 0
-0.7885005474090576 -0.9366134405136108 -7.71203088760376 0.4975951732787086 0.8518102187564905 -0.16376322771535584 0.6487431315818641 -0.24014019389864946 0.7221253606540039 0 0 0 0 0 0
-0.4012935161590576 -0.9770799875259399 -7.459421634674072 -0.0719858143876963 0.9566050532100959 0.28235582993777514 0.5646252000376889 -0.19427910816934368 0.8021558524447255 0 0 0 0 0 0
0.19781994819641113 -0.9954798817634583 -7.3287529945373535 -0.5282665190169828 0.7110677693799168 0.46402274969525936 0.619458234263303 -0.05099807683820317 0.783371362868337 0 0 0 0 0 0
0.6003086566925049 -0.7184337377548218 -7.088076114654541 -0.7609368912105932 0.3561928749915976 0.5423114265806852 0.6326815484017722 0.2220504609566528 0.7418946361181445 0 0 0 0 0 0
0.8354771137237549 -0.3150775730609894 -6.810343265533447 -0.7191297370449468 -0.337345907074015 0.6074949878625138 0.6508272604720438 -0.020674262419079277 0.7589443009206155 0 0 0 0 0 0
0.9254047870635986 -0.18606781959533691 -6.340250492095947 -0.5889003140757045 -0.7467422216557789 0.3091479815203849 0.4822266397911068 -0.01769103250218636 0.8758678526152133 0 0 0 0 0 0
0.8231556415557861 0.147035613656044 -5.863840579986572 -0.17662051854579622 -0.9760007013117203 0.12738847462641154 0.22578957437695718 0.08579657070700909 0.9703906515200926 0 0 0 0 0 0
0.5968067646026611 0.016886085271835327 -5.299013614654541 0.39809725124581136 -0.9112136536618023 -0.10586905086397261 0.15472508516054012 -0.047057878870873565 0.9868362093368068 0 0 0 0 0 0
0.3117039203643799 -0.34933969378471375 -4.9228997230529785 0.9101180692037047 -0.40488996882931594 -0.08802961575694998 0.07143003203661664 -0.05595769011733409 0.995874734813561 0 0 0 0 0 0
0.4209110736846924 -0.5331599712371826 -4.465479373931885 0.9632972234113167 0.09580306467699214 -0.25075931122601186 0.2421284460661514 0.09321819558124227 0.9657557577452843 0 0 0 0 0 0
0.5602772235870361 -0.9681758284568787 -4.060221195220947 0.7998924224107764 0.5219311309420263 -0.29624315540345814 0.40037696580114895 -0.09637572218379331 0.9112683498451035 0 0 0 0 0 0
0.9196293354034424 -1.0261270999908447 -3.6459758281707764 0.22154267894713267 0.9097487538624393 -0.3511068872162246 0.4843202312330403 0.20985457674150404 0.849349733760492 0 0 0 0 0 0
1.6052448749542236 -0.9729180335998535 -3.4012858867645264 -0.6070279151285353 0.7916870419135514 -0.06891108706785937 0.2087953456122907 0.24255931456851854 0.9474014368612149 0 0 0 0 0 0
1.9074146747589111 -0.715196430683136 -3.0313899517059326 -0.9085043056002959 0.4167248727900662 0.030988822240077277 0.16189543698393605 0.2826417906458377 0.9454646929760493 0 0 0 0 0 0
1.8089878559112549 -0.46542108058929443 -2.561739683151245 -0.9886199512433805 -0.15001403325897278 -0.011241967306117701 -0.07123393583272816 0.4010022461197601 0.9133033039427189 0 0 0 0 0 0
1.7085468769073486 -0.08174461871385574 -2.215487241744995 -0.8047067252244452 -0.5794115648927252 0.1293418913079307 -0.21708617782429604 0.4899650434057913 0.8442794843166564 0 0 0 0 0 0
1.3603794574737549 0.3423181474208832 -1.8942439556121826 -0.42022455800214764 -0.8981516275890873 0.12936373027619913 -0.43233485178541037 0.3235097424057771 0.8416816633978877 0 0 0 0 0 0
1.0822575092315674 0.39253729581832886 -1.4277522563934326 -0.09707260180613349 -0.9873867926549087 0.125076903020663 -0.3964499668308359 0.15363062552242443 0.9051105207108234 0 0 0 0 0 0
0.36115002632141113 0.45412060618400574 -1.3854014873504639 0.43900711796302044 -0.7903872709745636 0.4272712396817559 -0.5150500065759857 0.1682749912038089 0.8404802306190403 0 0 0 0 0 0
0.16348767280578613 0.30810824036598206 -0.9766108989715576 0.8683940761988787 -0.13423614561805874 0.4773598073071332 -0.43753438942687983 0.24560329513703133 0.8650102192960958 0 0 0 0 0 0
-0.10019946098327637 -0.06919032335281372 -0.5870082378387451 0.8553892021768972 0.4210718281674428 0.30167503761978504 -0.3715495783206043 0.09297308854903845 0.9237461316051254 0 0 0 0 0 0
0.05081677809357643 -0.3397093713283539 -0.20195269584655762 0.43056603433124624 0.8754891042719755 0.21938942176257742 -0.07139411557692141 -0.20927611433134596 0.9752468345149153 0 0 0 0 0 0
0.32376599311828613 -0.33675360679626465 0.2703678607940674 -0.33708478861126107 0.9202333004938402 0.19885803466069735 0.08925042927540974 -0.1790343832393469 0.979786226935377 0 0 0 0 0 0
0.5365879535675049 -0.34209033846855164 0.8152439594268799 -0.7646876433553502 0.635693550834423 -0.1055770691351289 -0.16121595511971484 -0.030096700758204975 0.9864601382814764 0 0 0 0 0 0
0.5371220111846924 -0.16584961116313934 1.3809406757354736 -0.8104923836227145 0.45160548863552863 -0.3730342862577592 -0.39305664702153476 0.05286382853476724 0.9179934029527856 0 0 0 0 0 0
0.43114209175109863 0.2280816286802292 1.8291599750518799 -0.8678284195233014 -0.3078252306334552 -0.39002238609232304 -0.46333472138211146 0.21789942623891928 0.8589765864134545 0 0 0 0 0 0
0.13741803169250488 0.5282907485961914 2.0939533710479736 -0.5256410670165644 -0.7987096370091292 -0.2928555692050828 -0.4497874874054067 -0.03126623272888089 0.8925881686782962 0 0 0 0 0 0
-0.2967708110809326 0.7440125942230225 2.314236879348755 0.042522659310771205 -0.998801536861257 0.02423454989743161 -0.4371569064772931 0.0032108318352641186 0.8993795248270493 0 0 0 0 0 0
-0.9142940044403076 0.7215614318847656 2.493779420852661 0.694432017233211 -0.6673567811265291 0.2690708087583104 -0.3479901653215081 0.015826518794762247 0.937364585496139 0 0 0 0 0 0
-1.0155665874481201 0.48716095089912415 2.979619264602661 0.9755044902837374 -0.1636722133508327 0.14697753574306996 -0.14644685316126085 0.01537088861800222 0.9890991128204784 0 0 0 0 0 0
-1.1948649883270264 -0.03479257971048355 3.39489483833313 0.9016117788491339 0.38981492589539046 0.18745805874827437 -0.1733760220238083 -0.07135705689197339 0.9822672372724826 0 0 0 0 0 0
-0.8380076885223389 -0.37119048833847046 3.628880739212036 0.3057368076642421 0.8254264451923347 0.474548404292359 0.0030536557128499416 -0.4992619779730745 0.8664457008590908 0 0 0 0 0 0
-0.7360866069793701 -0.4341747462749481 4.196492671966553 -0.009626484774225615 0.9752657736802529 0.2208257264875391 0.06478507090510562 -0.21976370953005436 0.9733996129860595 0 0 0 0 0 0
-0.3404109477996826 -0.5640547871589661 4.663991451263428 -0.5122010013969279 0.8522960865318302 0.10602601119777819 0.19527545554888376 -0.004650252448788093 0.9807374121610426 0 0 0 0 0 0
-0.18912768363952637 -0.28362298011779785 5.096127986907959 -0.8552644491376601 0.4869341894377274 0.17725071846928628 0.3254416294235776 0.23855067419689388 0.9149761317533559 0 0 0 0 0 0
-0.03099321946501732 -0.02038436383008957 5.449918270111084 -0.9646142582707851 -0.20885332351197677 0.16093359499714371 0.13168114637685374 0.14719494850009904 0.9803028730065677 0 0 0 0 0 0
-0.06092333421111107 0.5458161234855652 5.80719518661499 -0.7303365120277198 -0.6771707148982626 0.08971288694139869 0.012585221681130491 0.11797291505315036 0.9929370591880933 0 0 0 0 0 0
-0.32300829887390137 0.6900772452354431 6.261373043060303 -0.19661419911211833 -0.9789747495404427 -0.05432583611623357 -0.1574314523354581 -0.02316746598841847 0.987258125484528 0 0 0 0 0 0
-0.6803233623504639 0.5913153886795044 6.64648962020874 0.45497880273654207 -0.8756447937361386 0.16198914859711466 -0.26984039408162214 0.037787421739451536 0.9621633294197819 0 0 0 0 0 0
-1.0140025615692139 0.5170645117759705 7.058034420013428 0.8813032227709156 -0.45688810510661176 0.12065607711875781 -0.14615374709930193 -0.020730503014142487 0.9890446544285116 0 0 0 0 0 0
-1.3086421489715576 0.04834386706352234 7.455716609954834 0.994411803254157 -0.010816814643653857 0.10501505639564616 -0.10556645281920866 -0.09299669486823688 0.9900542100222361 0 0 0 0 0 0
-1.2764003276824951 -0.16018278896808624 7.982030391693115 0.8617480815131365 0.5069718164255761 -0.019230739938462048 0.09210563452164032 -0.119060336645114 0.9886056788868441 0 0 0 0 0 0
-0.9414088726043701 -0.44548946619033813 8.366803169250488 0.5680345805050182 0.8210705322399906 0.056390570467295204 0.20727223710702247 -0.20903164100987778 0.9556903226366624 0 0 0 0 0 0
-0.5567653179168701 -0.4298388361930847 8.756756782531738 0.07373592549523854 0.9953654188437607 0.06173083719945259 0.5091437570105752 -0.09079710755028904 0.8558787998061745 0 0 0 0 0 0
0.014539007097482681 -0.5443567633628845 8.98058795928955 -0.5379362735955967 0.8095982440644509 0.2348941224420936 0.3277507562955046 -0.05585774734801552 0.9431115277680208 0 0 0 0 0 0
0.35460400581359863 -0.1936911642551422 9.228665351867676 -0.8699963248077734 0.25769520494050624 0.42035648701029665 0.43372751966338685 -0.0054769352747170395 0.9010274368001471 0 0 0 0 0 0
0.40167737007141113 -0.00983024388551712 9.720242500305176 -0.8453679212297139 -0.5143175641185568 0.14432782474251526 0.2208856056530213 -0.09055649746398145 0.9710865409335844 0 0 0 0 0 0
0.28278088569641113 0.28936657309532166 10.323521614074707 -0.636894538852674 -0.7687792222020376 -0.057826065836005386 0.12449762889413427 -0.17658140712434636 0.9763807387785384 0 0 0 0 0 0
-0.06285357475280762 0.2890547215938568 10.850857734680176 0.01902860586190087 -0.9555328649234743 -0.2942700396066335 0.04055921824161318 -0.2933433207338221 0.9551464002949933 0 0 0 0 0 0
-0.4418513774871826 0.06734607368707657 11.126049995422363 0.5928687612413394 -0.7965791089120625 -0.11818779627789011 -0.1880231427943711 -0.27963175207417357 0.9415165325184979 0 0 0 0 0 0
-0.5091578960418701 -0.3766690790653229 11.548069953918457 0.9331001910226989 -0.35116047379198106 -0.0775264803766695 -0.0586487367535544 -0.36129284563470215 0.930606149437232 0 0 0 0 0 0
-0.6563899517059326 -0.9771870374679565 11.712132453918457 0.9523174290780926 0.23938997462247896 0.18916647251651358 -0.04938367973733907 -0.490883796847634 0.8698243214397093 0 0 0 0 0 0
-0.36008715629577637 -1.4575104713439941 11.979954719543457 0.3696886660677473 0.8635340309499067 0.34298581249441684 -0.06652217089658939 -0.34359151460536475 0.9367601997685407 0 0 0 0 0 0
-0.23733019828796387 -1.4589614868164062 12.569378852844238 -0.024773114485263568 0.9867343692201358 0.160441819356553 0.1655882763902481 -0.1542239147868699 0.9740613465433886 0 0 0 0 0 0
0.21469616889953613 -1.467703104019165 12.785294532775879 -0.63057206798132 0.6536212900766801 0.4185189078646962 0.3300769891396774 -0.2621991839307154 0.906808011205543 0 0 0 0 0 0
0.5976765155792236 -1.4338421821594238 13.197896003723145 -0.8584236264046515 0.40193938829207726 0.3186747648774188 0.26078452495814686 -0.19299826961447453 0.9459086105264993 0 0 0 0 0 0
0.8187382221221924 -1.2113709449768066 13.6412935256958 -0.9667620202349554 -0.12919240490666062 0.22063662149711483 0.2140441731211905 0.06303858688776874 0.9747877864007424 0 0 0 0 0 0
0.8535435199737549 -0.7260646820068359 14.080918312072754 -0.719252390782633 -0.6919949189108366 0.061798305438348085 0.024898464804250328 0.06321897849286048 0.9976890433440225 0 0 0 0 0 0
0.4707767963409424 -0.5827069282531738 14.642434120178223 -0.2063300528376452 -0.9584470625811914 -0.1969952728506457 0.049104074841683054 -0.21121610107646013 0.9762051774499053 0 0 0 0 0 0
0.27663159370422363 -0.7605424523353577 15.042386054992676 0.5503693957895748 -0.8033158431836083 -0.22754600472965233 0.27339997013189876 -0.08411043464503906 0.9582159939782363 0 0 0 0 0 0
0.012669805437326431 -1.0551575422286987 15.537217140197754 0.8853031397329564 -0.32326850549984565 -0.3342690894038302 0.3455943459298338 -0.02356579953121713 0.9380880561833121 0 0 0 0 0 0
0.15142560005187988 -1.3320051431655884 15.85738468170166 0.9546118271616884 0.22913286869485908 -0.19030078278001689 0.25837455059721753 -0.31916662103668425 0.9117978172926887 0 0 0 0 0 0
0.34966015815734863 -1.8450889587402344 16.11143684387207 0.6577724622132266 0.7531972796408686 -0.005407947442888398 0.28031925192485485 -0.23812808795071894 0.9299011402989162 0 0 0 0 0 0
0.6252796649932861 -1.8849692344665527 16.537012100219727 0.23025023279966603 0.9726531733744602 -0.030506304599078642 0.3277319886114104 -0.04798843807713823 0.9435511928092335 0 0 0 0 0 0
1.0896656513214111 -1.9177546501159668 16.722646713256836 -0.4090250046500666 0.8514341957532897 0.3282656787922879 0.5147261555687359 -0.08176943265585321 0.8534463923742192 0 0 0 0 0 0
1.6846516132354736 -1.6181491613388062 17.12676429748535 -0.8161821365565258 0.5602791897643821 0.14118763927126332 0.1941545896267792 0.035797842828953215 0.980317555578625 0 0 0 0 0 0
1.7460682392120361 -1.2296258211135864 17.549318313598633 -0.9644321840857268 -0.2076397118742672 0.1635735686240468 0.17336316175794642 -0.029732808197656356 0.9844090482426345 0 0 0 0 0 0
1.5686314105987549 -0.7945879697799683 17.78156852722168 -0.7749587993863122 -0.4955253533059096 0.39229259932450783 0.31007531507854597 0.24276729895840307 0.9191938519895475 0 0 0 0 0 0
1.4858448505401611 -0.5109093189239502 18.29747200012207 -0.3581773777173299 -0.9221014272984738 0.14641695211161368 0.16223610108411976 0.09296727346898369 0.982362730140332 0 0 0 0 0 0
1.0452854633331299 -0.35592135787010193 18.88889503479004 0.2713818236469895 -0.9553395522835783 -0.11695403215215061 0.32908869611406194 -0.022087092036101916 0.9440406720344922 0 0 0 0 0 0
0.8521015644073486 -0.7095668911933899 19.254465103149414 0.9243781775090132 -0.324870991329279 -0.1999595557552754 0.20431236448836693 -0.021037457112534706 0.9786796631765733 0 0 0 0 0 0
1.9796040058135986 -1.1312470436096191 18.86665153503418 -0.8891371673839907 0.36588076341512155 0.27489336939828335 -0.33807080404101275 -0.12027070516493238 -0.9334040330608141 0 0 0 0 0 0
1.6978809833526611 -1.4213930368423462 18.529272079467773 -0.49101546074071706 0.8473733898212353 0.20214389809353575 -0.4686065777752505 -0.061305039129326694 -0.8812772364262678 0 0 0 0 0 0
1.1446812152862549 -1.7472984790802002 18.454225540161133 0.013059737120043793 0.9831691127790572 -0.18223045558741519 -0.5069084529982987 -0.1505816180504183 -0.8487455428950362 0 0 0 0 0 0
0.6010029315948486 -1.4975112676620483 18.184598922729492 0.6422411221670051 0.6797406934712528 -0.3542300532660754 -0.3995008807521109 -0.09755831129562907 -0.9115269728183762 0 0 0 0 0 0
0.4978611469268799 -1.4329068660736084 17.751684188842773 0.9497561780372784 -0.008073348255864728 -0.31288659819167847 -0.31298228208556234 -0.017149184611356418 -0.9496041262377072 0 0 0 0 0 0
0.48643994331359863 -1.1423553228378296 17.24317741394043 0.9285906552448278 -0.3523507110711682 -0.11648335245700789 -0.06927666833672773 0.14377892296119965 -0.9871820321178262 0 0 0 0 0 0
0.6612141132354736 -0.6497734785079956 16.860952377319336 0.40590915204395356 -0.9050246868334882 -0.1271537514543127 -0.11928319052227382 0.08547727413235659 -0.9891739766419904 0 0 0 0 0 0
1.0282642841339111 -0.6440778374671936 16.350431442260742 -0.2427711742825909 -0.9689864439234849 0.0461240547867516 -0.10670493029474105 -0.020584405586606343 -0.9940776328322858 0 0 0 0 0 0
1.1381886005401611 -0.8795453310012817 15.920525550842285 -0.725355087356001 -0.6727766607802537 0.14571054167814979 -0.1780353528346245 -0.02112260780240964 -0.9837973615438681 0 0 0 0 0 0
1.3701908588409424 -1.2501637935638428 15.451581001281738 -0.9727857919874705 0.019582441429347335 0.2308773070160335 -0.2311555826199586 -0.01336084677807066 -0.9728250533353879 0 0 0 0 0 0
1.1787159442901611 -1.3725699186325073 15.031620979309082 -0.8527322270803865 0.42601023342746325 0.3022631798840243 -0.35046199326917143 -0.03752207252507336 -0.9358250292374223 0 0 0 0 0 0
0.8042881488800049 -1.9215397834777832 14.744832038879395 -0.5433881285938553 0.8218697060415978 0.17105416684303598 -0.4072720505663357 -0.07991665832068863 -0.9098037175953649 0 0 0 0 0 0
0.4017460346221924 -1.8364640474319458 14.367962837219238 0.10429820717898182 0.9935007993186338 0.04558558689416987 -0.3848681834805614 0.08258322811875082 -0.919269542505276 0 0 0 0 0 0
0.04944348707795143 -1.7487674951553345 14.083172798156738 0.6711390083468792 0.7231923896430426 -0.16298834018896347 -0.4575399689748541 0.2310941929559874 -0.8586341775008206 0 0 0 0 0 0
-0.46129870414733887 -1.3139331340789795 13.816300392150879 0.9561462041255336 0.23871117858454416 -0.16970978037553183 -0.22860766866478832 0.2460284758080429 -0.9419174713950377 0 0 0 0 0 0
-0.5134532451629639 -0.8495073318481445 13.581562995910645 0.8702300754079295 -0.3409984522861093 -0.3555554406755536 -0.17974578610718178 0.452199196359065 -0.873617387183272 0 0 0 0 0 0
-0.39480090141296387 -0.37245985865592957 13.18321704864502 0.5786437211303711 -0.7448472238420358 -0.33222591279310154 0.027227643713781585 0.42476427363716807 -0.9048944508942933 0 0 0 0 0 0
-0.07868456840515137 -0.1715526580810547 12.777852058410645 -0.0041064073890462426 -0.9547964299917742 -0.29723208893610126 0.03752489187922088 0.29687811770281763 -0.9541777956537685 0 0 0 0 0 0
0.15655255317687988 -0.2693551480770111 12.322667121887207 -0.5987057074467474 -0.7202074611701901 -0.3505034789349152 0.2635928406565677 0.23606094786119244 -0.9353042517007377 0 0 0 0 0 0
0.47498059272766113 -0.4522658586502075 11.826382637023926 -0.8990518300591822 -0.42332403413382386 -0.11181488716579904 0.03620086436176855 0.1826337947987018 -0.9825143227540688 0 0 0 0 0 0
0.6564610004425049 -0.8231104612350464 11.334683418273926 -0.9854903365631673 0.1620694373371627 0.050421166406881844 -0.02536187459814133 0.15312125443864838 -0.9878819042557683 0 0 0 0 0 0
0.4372227191925049 -0.8859044313430786 10.880635261535645 -0.5279078267904118 0.8361738196276972 0.14875036061351862 0.0038804982348855654 0.177517240154868 -0.9841100401790687 0 0 0 0 0 0
0.15351605415344238 -0.9050672650337219 10.325963020324707 -0.0673183214261155 0.956039198470237 0.2854072434062544 -0.37667650721660645 0.24053402778862157 -0.8945715121704247 0 0 0 0 0 0
-0.26803088188171387 -0.7935130596160889 10.028210639953613 0.5595024740204713 0.8234632534907873 0.09415546566896196 -0.381356738321647 0.356630493604414 -0.8528667710540415 0 0 0 0 0 0
-0.8137156963348389 -0.42790818214416504 9.97924518585205 0.8639816103681293 0.41397254729359856 -0.2866400304091235 -0.4657687971080503 0.4407865801314698 -0.7673112917301057 0 0 0 0 0 0
-0.8339793682098389 0.018079280853271484 9.61980152130127 0.8797922934272902 -0.2716653596071337 -0.39008134128086136 -0.2973348886437999 0.3257599842570396 -0.897481139997957 0 0 0 0 0 0
-0.7856318950653076 0.4364091157913208 9.214154243469238 0.5280691478059124 -0.8030731392277888 -0.276073374642253 -0.22072816528530098 0.18412144659216403 -0.9577987105621899 0 0 0 0 0 0
-0.5330150127410889 0.8182621598243713 8.79272174835205 0.09767888185484305 -0.9801123099663538 -0.17273880829739993 -0.1344348349846981 0.15898371653581841 -0.978085606181328 0 0 0 0 0 0
-0.3711268901824951 0.7125889658927917 8.317463874816895 -0.582685413542074 -0.8077284617735273 -0.08973539372105958 0.02934585933089986 0.08943302816141209 -0.9955604220809561 0 0 0 0 0 0
-0.22859454154968262 0.6035179495811462 7.777089595794678 -0.8844399733150378 -0.46177625117117943 0.06729507750784722 0.047521368939207234 -0.23258285779307142 -0.97141491328626 0 0 0 0 0 0
-0.010271783918142319 0.19936597347259521 7.442723751068115 -0.993852333185434 0.07910263284068207 -0.07746168923759376 0.045373341457997936 -0.34719046462190783 -0.9366963441588527 0 0 0 0 0 0
-0.006617304403334856 -0.35522061586380005 7.1779608726501465 -0.7782642230169167 0.594749937759964 -0.20143810639100473 -0.12198107276132897 -0.45787565719021617 -0.8806080288304343 0 0 0 0 0 0
-0.45163989067077637 -0.6811076998710632 6.8064398765563965 -0.1212618138196396 0.9475657466714696 -0.29565981844699696 -0.2798605709806665 -0.3184111350621173 -0.9056999557683713 0 0 0 0 0 0
-0.4301021099090576 -0.5049816966056824 6.110066890716553 -0.12023021915716091 0.9878978224360246 0.0979927896713926 -0.40799514778021523 0.04081703318933828 -0.9120712303265689 0 0 0 0 0 0
-0.8978297710418701 -0.48843851685523987 5.868306636810303 0.632741374368114 0.7462883863573093 -0.20662041900778758 -0.4210193243181455 0.10760507308985888 -0.9006463661149244 0 0 0 0 0 0
-1.2896068096160889 -0.04091664403676987 5.568868160247803 0.9734044816362034 0.10491779710475743 -0.20365650242808164 -0.22671754659497695 0.3134756317778225 -0.9221345793036121 0 0 0 0 0 0
-1.3222682476043701 0.3668046295642853 5.126920223236084 0.9181324711568829 -0.38697586991531324 -0.08533722230446832 0.04882352411226452 0.3241743728095745 -0.9447365979503378 0 0 0 0 0 0
-1.1443889141082764 0.5089378952980042 4.6622748374938965 0.5241644415851815 -0.8483265662304598 -0.07479087648458452 0.14529848786337823 0.17561919880136956 -0.9736766642150673 0 0 0 0 0 0
-0.5193507671356201 0.8384501338005066 4.317784786224365 -0.025737994152679144 -0.9976908767602253 -0.06285276514529581 0.158636018806934 0.05800065747708226 -0.9856320496358224 0 0 0 0 0 0
-0.33822131156921387 0.7412882447242737 3.9638187885284424 -0.664206245006081 -0.715912934077041 -0.2151714082217335 0.2089214955050955 0.09859300452566178 -0.9729497562436189 0 0 0 0 0 0
-0.007906671613454819 0.5857499837875366 3.5420124530792236 -0.9416715657611472 -0.29097455048876975 -0.16908126213394575 0.21723556769017294 -0.14184377472341175 -0.9657582780916467 0 0 0 0 0 0
0.14857220649719238 -0.019094204530119896 3.2729694843292236 -0.8385798150998273 0.4335638294175695 -0.3298579990358155 0.23933310327908852 -0.2507323312498392 -0.9380047781012751 0 0 0 0 0 0
0.05348706617951393 -0.04799256846308708 2.6856205463409424 -0.6875876825957017 0.6953043552237901 -0.20922483683707843 -0.1467720184593756 -0.41529203261443987 -0.8977697378751012 0 0 0 0 0 0
-0.2835261821746826 -0.5304148197174072 2.316312074661255 -0.18124368857018575 0.9735027009020307 -0.13943893534420382 0.008983876468683226 -0.14014230278539658 -0.9900906145063703 0 0 0 0 0 0
-0.6563746929168701 -0.4163301885128021 1.7163593769073486 0.5334950360603482 0.8228103390219753 0.19587289883368159 0.12194275981271344 0.1543375029579141 -0.9804641240300305 0 0 0 0 0 0
-0.7067439556121826 -0.06041545793414116 1.2125141620635986 0.8591567384001705 0.3715963788531871 0.3518036811700238 0.33773922040110765 0.10469884540540163 -0.9353985090717368 0 0 0 0 0 0
-0.6100261211395264 0.4153571128845215 0.9233067035675049 0.9350884512490112 -0.25088510926554436 0.25033227975940603 0.2988308035414632 0.17836643522715417 -0.9374889682759583 0 0 0 0 0 0
-0.21708941459655762 0.7855988144874573 0.5738422870635986 0.6456468086675929 -0.7318318764114452 0.21808783351084865 0.4110724226183456 0.0924011015200054 -0.9069076578133928 0 0 0 0 0 0
0.22143292427062988 0.9745159149169922 0.27351880073547363 0.19450460300155556 -0.9803573411603076 0.03267174688166415 0.39237023723242154 0.0472335451641291 -0.9185938107484732 0 0 0 0 0 0
0.5535709857940674 0.8765679597854614 -0.05652880296111107 -0.509287381519181 -0.815756900428896 -0.27416608548100246 0.6035964833418954 -0.11150697417550112 -0.7894539125291111 0 0 0 0 0 0
0.49588513374328613 1.3457298278808594 0.7176487445831299 0.8771484796939705 -0.18297640363119042 -0.443993446218243 0.4357387621495163 0.6918755035389327 0.5757082757466282 0 0 0 0 0 0
0.9595844745635986 1.4575095176696777 0.9565556049346924 0.4299139198253428 0.27326434382890724 -0.8605234569331423 0.5396308109489472 0.6863592048800133 0.48755474538871824 0 0 0 0 0 0
1.5961506366729736 1.3932726383209229 1.2409031391143799 -0.20628348906248 0.6016238296165525 -0.7716838016815716 0.5768046684000416 0.7118187257463507 0.4007623687283523 0 0 0 0 0 0
1.9302036762237549 1.7425568103790283 1.2194569110870361 -0.6362512725065883 0.6918887580280512 -0.34128326174623347 0.6080076850678188 0.7219994426701769 0.3302172916163325 0 0 0 0 0 0
2.325505495071411 2.147160530090332 1.3416798114776611 -0.8167721911750707 0.37526972949537457 -0.4382417344885609 0.26501143404125016 0.9187179175093114 0.292790587066515 0 0 0 0 0 0
2.0380146503448486 2.8075265884399414 1.7620289325714111 -0.3426678508609915 0.7372142534095132 -0.5823176869683446 -0.12438899241744437 -0.6499916217770154 -0.7496921169287153 0 0 0 0 0 0
1.6993687152862549 2.584476947784424 1.4227039813995361 0.4719554400015706 0.5489150932588873 -0.6898915009227979 -0.2457034272156134 -0.6696270916250634 -0.7008775813337597 0 0 0 0 0 0
1.3631718158721924 2.4787192344665527 1.0713932514190674 0.9806027721640074 -0.17238595629962417 -0.0932806801804526 -0.19358652010986413 -0.7772514947666845 -0.5986688342604013 0 0 0 0 0 0
1.2752811908721924 2.563809871673584 0.5545322895050049 0.5274364839936393 -0.742146525036099 0.4135568772602754 -0.4725721303968896 -0.660792651001364 -0.5831197595303516 0 0 0 0 0 0
1.1763355731964111 2.1601979732513428 0.27650952339172363 0.1864680557232027 -0.623245214090515 0.7594702543932033 -0.39239286952860164 -0.7559399476294573 -0.5240063277490866 0 0 0 0 0 0
1.5016453266143799 1.7288365364074707 -0.15866351127624512 -0.3015393598881928 -0.36203887754193975 0.8820441403843639 -0.27195939044061695 -0.8540138740000611 -0.44350692550012794 0 0 0 0 0 0
1.4688313007354736 1.3059598207473755 -0.22471117973327637 -0.8848716907667717 0.031582976077346024 0.4647629573251858 -0.29623236994231833 -0.8081321669068636 -0.5090862243360891 0 0 0 0 0 0
0.9893162250518799 0.6339346766471863 -0.4496333599090576 -0.842909627353644 -0.5249344929628046 -0.11809800257592984 0.4269491345415744 -0.5189681378912687 -0.7405312338908262 0 0 0 0 0 0
1.3141300678253174 0.06303079426288605 -0.5573070049285889 -0.9588479838322425 -0.04088492662626181 -0.28096079206111507 0.2586793973229206 -0.5336906429876765 -0.8051454942978016 0 0 0 0 0 0
1.2483723163604736 -0.33344322443008423 -0.8765819072723389 -0.6683803436332313 0.6302853867533016 -0.3949785405436157 0.15866682030740062 -0.39797945774579946 -0.9035691403240255 0 0 0 0 0 0
1.0633518695831299 -0.82554030418396 -1.2689921855926514 -0.2439835394867918 0.9110027889074477 -0.3324845125150183 0.12325684314633123 -0.3109347772558339 -0.9424050694422573 0 0 0 0 0 0
0.9852116107940674 -0.8516123294830322 -1.7654292583465576 0.3967077894093118 0.8994788207664935 -0.1831960174635229 0.05890193734019215 -0.2241041482211562 -0.9727835794911642 0 0 0 0 0 0
0.5853855609893799 -0.8300129771232605 -2.306177854537964 0.6549130117194553 0.7556319238557768 0.010456707444023374 0.029244790306913536 -0.011515199561197707 -0.9995059491663723 0 0 0 0 0 0
0.48862195014953613 -0.46063709259033203 -2.7684733867645264 0.9832719447441812 0.17572405876606328 0.04793055236252702 0.041528298794449504 0.03993378634056053 -0.9983389670386235 0 0 0 0 0 0
0.6525852680206299 -0.3028802275657654 -3.1127116680145264 0.8842647258660782 -0.46455893366409434 -0.047548835336620895 -0.068511398034283 -0.028337073389893275 -0.997247812036248 0 0 0 0 0 0
0.8067066669464111 0.0161069855093956 -3.516390562057495 0.3397989879491875 -0.94021734957112 -0.02297788837482454 0.009544632535729843 0.02787777441807445 -0.9995657705640251 0 0 0 0 0 0
1.3316700458526611 0.10097139328718185 -4.093271732330322 -0.21822320144513985 -0.9676695500213903 0.12646847952131704 -0.0646555829817511 -0.11497117897536809 -0.9912624695782162 0 0 0 0 0 0
1.4078419208526611 -0.15602262318134308 -4.49132776260376 -0.7137329391033493 -0.6695929233346845 0.20550087264779682 -0.012737591633188538 -0.2809404765755246 -0.9596406631551747 0 0 0 0 0 0
1.7364552021026611 -0.5719711780548096 -4.8763909339904785 -0.9335072361240702 -0.19621518038568975 0.3001063862869478 -0.23948709228376353 -0.2817085903963364 -0.929131961955016 0 0 0 0 0 0
1.4654209613800049 -0.8082355856895447 -5.164392948150635 -0.897217361845047 0.43309621173610235 0.0861897730804028 -0.20036197194685174 -0.22533090340420353 -0.9534574265108089 0 0 0 0 0 0
1.2012760639190674 -1.0595368146896362 -5.546656131744385 -0.44647776171447257 0.8911752685262704 0.08040055386354503 -0.3675767255031194 -0.10074662802115843 -0.924520128396765 0 0 0 0 0 0
0.7142918109893799 -1.1726257801055908 -5.893412113189697 0.07348905673012036 0.9951308845209128 -0.06568014322108771 -0.6026582555318949 -0.008160923108459745 -0.7979576595116255 0 0 0 0 0 0
0.09241986274719238 -1.0865066051483154 -5.905489444732666 0.5497462658689761 0.78890932681552 -0.274592638697035 -0.6762140219289683 0.22730368581898622 -0.7007621786025218 0 0 0 0 0 0
-0.15989947319030762 -0.8109298348426819 -6.182444095611572 0.778405171012693 0.24421476303275083 -0.5783118010706312 -0.6238535005088165 0.19829137208210282 -0.75596781787368 0 0 0 0 0 0
-0.4904658794403076 -0.4540698826313019 -6.464579105377197 0.7999453139801566 -0.221123712776916 -0.5578456760511289 -0.46927235620326524 0.34886630828181603 -0.8112186848496851 0 0 0 0 0 0
-0.6201121807098389 -0.0800345167517662 -6.890573978424072 0.5837624713754385 -0.662189797636909 -0.46981490921343666 -0.30519330259882366 0.3572460095854431 -0.8827413758763664 0 0 0 0 0 0
-0.19665026664733887 0.3254376947879791 -7.307154178619385 -0.1422879474201058 -0.9458846373815458 -0.29164429153431876 -0.057614321864287235 0.30205706711201114 -0.9515472232757597 0 0 0 0 0 0
-0.3119685649871826 0.2928699254989624 -7.891458988189697 -0.46752636782459517 -0.8776354570060908 0.10571234551579879 -0.31428555884651566 0.05325568692039091 -0.9478335398745769 0 0 0 0 0 0
-0.0006740058306604624 0.030098747462034225 -8.388606071472168 -0.8644511409705267 -0.47524955829020266 0.163896559511547 -0.17161560261303171 -0.027457073858064066 -0.9847812924882959 0 0 0 0 0 0
-0.16461443901062012 -0.1310006082057953 -8.837260246276855 -0.9150823278279668 0.15659705805038157 0.371620363687076 -0.37776011097641643 -0.010335065496802501 -0.9258458213851065 0 0 0 0 0 0
-0.35758471488952637 -0.7264528870582581 -9.178004264831543 -0.7399200946387714 0.6281971517347442 0.2405963260361772 -0.3725842837312716 -0.08491982566974292 -0.9241047422909785 0 0 0 0 0 0
-0.8146312236785889 -0.8563947081565857 -9.452410697937012 -0.24535226405724556 0.9674016191328958 0.06274052773953342 -0.2816527994924676 -0.009206474756503881 -0.9594722202130783 0 0 0 0 0 0
-1.1109645366668701 -0.6832199096679688 -9.845011711120605 0.47310984194976463 0.8796104254987763 0.049523497494931255 -0.215135292213495 0.1698585144507978 -0.9616989607526788 0 0 0 0 0 0
-1.5741145610809326 -0.41346126794815063 -10.186999320983887 0.8457845430079645 0.5242543013977514 0.09902491744386467 -0.12767009923253808 0.37908856610818564 -0.9165108863554179 0 0 0 0 0 0
-1.5517222881317139 -0.04864559695124626 -10.449358940124512 0.9628564083169338 -0.05298825522966791 -0.26476363377686507 -0.2187094591048614 0.4219851805375091 -0.8798265055707205 0 0 0 0 0 0
-1.5309321880340576 0.3598533272743225 -10.786616325378418 0.7887609417266983 -0.5372660463727689 -0.2986659877210422 -0.05604675159828492 0.4209911528814326 -0.9053315474624987 0 0 0 0 0 0
-1.3915584087371826 0.6958518624305725 -11.168993949890137 0.240662547277287 -0.9369510298821373 -0.25338568614033796 -0.12311915893200318 0.2294809238594613 -0.9654947841850232 0 0 0 0 0 0
-1.1405742168426514 0.915680468082428 -11.608180046081543 -0.21983914828633921 -0.9324393565101454 -0.28675354454946705 0.1347121862806313 0.26211191530661815 -0.9555888083908208 0 0 0 0 0 0
-0.8330790996551514 0.9106868505477905 -12.093562126159668 -0.6049678355922947 -0.7936847441679065 -0.06386270252580381 0.13821161263853826 -0.025684073985413742 -0.9900696331447433 0 0 0 0 0 0
-0.39158129692077637 0.5963414907455444 -12.585047721862793 -0.9796846815662213 -0.19657165766903553 0.039717856258095964 -0.034763502167897475 -0.0285917684082093 -0.9989864912481621 0 0 0 0 0 0
-0.5362269878387451 0.36255374550819397 -12.9707670211792 -0.8460424060328585 0.5289192936222463 0.06675798100808303 -0.15323844278327065 -0.12133394956141086 -0.9807120129463018 0 0 0 0 0 0
-0.7167384624481201 0.13393589854240417 -13.41357707977295 -0.38759502391036926 0.9192655371267117 0.06870931298636894 -0.16980818344140813 0.0020608863837212796 -0.9854749786694956 0 0 0 0 0 0
-1.0753962993621826 0.0430205799639225 -13.790270805358887 0.13932601609773457 0.9877669786304452 0.0700332575682122 -0.2590491696404869 0.1046167186533901 -0.9601816858734454 0 0 0 0 0 0
-1.4209697246551514 0.2043514847755432 -14.180232048034668 0.6820920404985142 0.7303678054769503 0.03623971593924073 -0.21034262182180016 0.24342006271530436 -0.9468382409434087 0 0 0 0 0 0
-1.6977107524871826 0.5573021173477173 -14.39953899383545 0.956159876314284 0.17533101531463696 -0.23455772422879564 -0.2605665682711436 0.14381119139255663 -0.9546849766963199 0 0 0 0 0 0
-1.7289302349090576 1.1718164682388306 -14.7113676071167 0.7978237586409951 -0.541645344817224 -0.2647594579722993 -0.12987518573557646 0.2744309166328515 -0.9527959425428943 0 0 0 0 0 0
-1.5894649028778076 1.2680792808532715 -15.23255443572998 0.39103125483091694 -0.8978406686629553 -0.2024270027447321 -0.0812484122259578 0.18540654786158012 -0.9792972518703464 0 0 0 0 0 0
-1.0963466167449951 1.6062909364700317 -15.575579643249512 -0.11358824468423691 -0.978269150474706 -0.1734565648773511 0.16714160379038212 0.15328272771564147 -0.9739446029761814 0 0 0 0 0 0
-0.9020793437957764 1.4604344367980957 -16.045801162719727 -0.6735232856751081 -0.7257780001948667 -0.14004527156083124 0.1954493087268655 0.007854007953884625 -0.9806823554430103 0 0 0 0 0 0
-0.5797984600067139 1.2195584774017334 -16.31749153137207 -0.8904505127136656 -0.23310676070054204 -0.39084411537551667 0.4229927455992389 -0.10717543180477397 -0.8997725067970669 0 0 0 0 0 0
-0.36681628227233887 0.9308170080184937 -16.64324378967285 -0.8205233754781501 0.4724987397524721 -0.3216929144794279 0.30940174671252496 -0.10608887022514914 -0.9449950850377953 0 0 0 0 0 0
-0.3374049663543701 0.7012296915054321 -17.172914505004883 -0.530110326467682 0.8477885296771271 0.01541592424158896 0.22086419195040793 0.155610744870042 -0.9628106276911802 0 0 0 0 0 0
-0.7358272075653076 0.6078165173530579 -17.6726016998291 0.28076253129622775 0.9452168738346526 0.1665456767327847 0.18747035014357608 0.11617440596795453 -0.9753760173466631 0 0 0 0 0 0
-0.7270610332489014 0.8674952387809753 -18.146440505981445 0.5812232930620472 0.6595938488750361 0.4765662998244058 0.2958791771673661 0.37426104471419785 -0.8788539030625054 0 0 0 0 0 0
-0.6691691875457764 1.2904047966003418 -18.57840919494629 0.7468621541127419 0.23745940174171204 0.6211360199493694 0.48259470320560865 0.4490693706929438 -0.7519568157436528 0 0 0 0 0 0
-0.5775706768035889 1.8923084735870361 -18.829835891723633 0.7363736198097189 -0.4507819378494003 0.5045290244942016 0.6567203589410008 0.2968974328791672 -0.6932317682436109 0 0 0 0 0 0
-0.09947466850280762 2.215771436691284 -18.809816360473633 0.3590759962834005 -0.9330941469443593 0.01999354473978483 0.7503416196141284 0.27587665568403796 -0.6007324901513467 0 0 0 0 0 0
