t = 0
b = 59 59 59
E = 0 0 0
0.1043701171875 -1.873485803604126 -19.297447204589844 0.18808712433158933 0.9817788298583383 -0.027084366388478682 0.017390857893705244 0.024243049167721124 0.9995548172205326 0 0 0 0 0 0
0.43364715576171875 -1.7982767820358276 -18.96367645263672 -0.6093181719351928 0.7875178337989432 0.09245013141242521 0.2844508184809196 0.10826028678208284 0.9525583668056232 0 0 0 0 0 0
0.674530029296875 -1.5487433671951294 -18.576744079589844 -0.9307112258764566 0.34977684719783214 0.10692413755503274 0.1574184354031785 0.11919624216025372 0.9803120381032203 0 0 0 0 0 0
0.7372512817382812 -1.203334927558899 -18.22673797607422 -0.995890241808255 -0.0904107520824362 -0.0053406159741863565 -0.03407176474358773 0.31936548570358986 0.9470189023396355 0 0 0 0 0 0
0.6113662719726562 -0.7611392736434937 -17.88836669921875 -0.6979750237794777 -0.6824208941216569 0.2171004132797443 -0.04635819404908274 0.34558236148463267 0.9372426309527391 0 0 0 0 0 0
0.3848533630371094 -0.5840283036231995 -17.48957061767578 -0.23533330854497667 -0.9382734103067363 0.2534980106443482 -0.16239994825280918 0.2951178483571198 0.9415581301165368 0 0 0 0 0 0
-0.06038665771484375 -0.49545517563819885 -17.18524169921875 0.31958126147410615 -0.8965809045815973 0.30661131560049054 -0.3344188586258759 0.19603733235172482 0.9218098455320306 0 0 0 0 0 0
-0.3535423278808594 -0.6659355163574219 -16.7701416015625 0.8931847626685122 -0.3866308620911761 0.2296465898188512 -0.2213198773953292 0.06659905693081003 0.9729244973201381 0 0 0 0 0 0
-0.4024772644042969 -1.0175507068634033 -16.392860412597656 0.9544259338690179 0.1546964760079132 0.25522565911166983 -0.2524662124829549 -0.03756593784469861 0.9668762133119005 0 0 0 0 0 0
-0.4386749267578125 -1.1765631437301636 -15.876113891601562 0.7446513987547936 0.664746984040069 0.060047827122730976 -0.16650183670893617 0.09788485880135714 0.9811705727293238 0 0 0 0 0 0
-0.258636474609375 -1.3139649629592896 -15.393562316894531 0.417226499372719 0.9064097599004308 -0.06590444126483318 -0.10619099463719892 0.12064450811086735 0.9869996835463776 0 0 0 0 0 0
0.07173919677734375 -1.2973971366882324 -15.011833190917969 -0.29550416903333293 0.9553358325376508 0.0032761491896777743 -0.04439439166223877 -0.017157489242088486 0.9988667371335616 0 0 0 0 0 0
0.26049041748046875 -1.1596466302871704 -14.510353088378906 -0.725073510736537 0.6804397665439491 -0.10616085970737506 -0.1576926814638529 -0.013986103765960028 0.9873891872580882 0 0 0 0 0 0
0.25267791748046875 -0.7892638444900513 -14.072311401367188 -0.9373451604268201 0.250219449299541 -0.24243406818484323 -0.14948969394209913 0.3396879229555413 0.9285822238247121 0 0 0 0 0 0
0.16498947143554688 -0.3572755753993988 -13.722038269042969 -0.9325104195076626 -0.3096022646021643 -0.1859321254190748 -0.2937308506207593 0.35067021483191513 0.8892427046781681 0 0 0 0 0 0
-0.06148529052734375 0.12925709784030914 -13.503463745117188 -0.7291144087108119 -0.6719289150477882 0.13001427665062537 -0.2829920532970308 0.4689639304651757 0.8366530521628331 0 0 0 0 0 0
-0.53448486328125 0.35504937171936035 -13.284881591796875 -0.11032394702385967 -0.9169124421900358 0.38353643903830154 -0.3031586861213304 0.39854724816149284 0.8655951143647304 0 0 0 0 0 0
-0.9879913330078125 0.4513006806373596 -12.929847717285156 0.44264071942407085 -0.8275495381847497 0.3452983570159993 -0.4162819413982202 0.1514226990273469 0.8965380702931708 0 0 0 0 0 0
-1.3702735900878906 0.26775890588760376 -12.553543090820312 0.7920343770027698 -0.4762731420302163 0.3818971587044081 -0.4012796268780319 0.06526600540172867 0.9136273910033178 0 0 0 0 0 0
-1.5478401184082031 0.13143980503082275 -12.059532165527344 0.9843759293006944 -0.03568769985554842 0.1724251080684448 -0.17423713613608205 -0.05613423791515866 0.9831024197532935 0 0 0 0 0 0
-1.4058074951171875 -0.2201114296913147 -11.632888793945312 0.6736393315891539 0.7202783161446721 0.16555723550456447 0.06179494164428037 -0.27811957001284004 0.9585566701885984 0 0 0 0 0 0
-1.0405960083007812 -0.4241604804992676 -11.201278686523438 0.3201319464061727 0.9432867915749177 0.087895197425646 0.13664305384365819 -0.13778234410658982 0.9809916928744976 0 0 0 0 0 0
-0.7374801635742188 -0.45945167541503906 -10.76959228515625 -0.30464814748310737 0.9507446197210105 0.057220401140347196 0.13438880577276408 -0.01656818186730621 0.9907901615541922 0 0 0 0 0 0
-0.3956947326660156 -0.2641667127609253 -10.433372497558594 -0.7937512728192477 0.5456559217517005 0.2687350590360815 0.32622489213136 0.009016354714186886 0.9452491867764555 0 0 0 0 0 0
-0.2629432678222656 -0.0003238911449443549 -10.021858215332031 -0.9801896049743388 -0.14484550493300075 0.13508559509049642 0.11352503807039362 0.14800998990664369 0.9824485272109431 0 0 0 0 0 0
-0.3167304992675781 0.2535982131958008 -9.485382080078125 -0.8576615453084974 -0.513840488015364 -0.019611898816101585 -0.19105436139285545 0.28301954189815726 0.939892637430747 0 0 0 0 0 0
-0.6226043701171875 0.5587299466133118 -9.154685974121094 -0.17241293981270844 -0.9682573770606485 0.1809735614745225 -0.24097818502765253 0.21960355005587393 0.9453590826472426 0 0 0 0 0 0
-0.8959693908691406 0.6960687637329102 -8.637794494628906 -0.09479520073028953 -0.9954284084927093 -0.011668482513847925 -0.3469132433969544 0.022045680722522696 0.9376380909057003 0 0 0 0 0 0
-1.2544822692871094 0.49757587909698486 -8.407402038574219 0.7037313675598085 -0.6527337595878976 0.28053663113156974 -0.21495610586569153 0.1807394056186601 0.9597536870508346 0 0 0 0 0 0
-1.4503059387207031 0.28147637844085693 -7.978584289550781 0.9445302334370438 -0.2743747219559262 0.18050249326525106 -0.20621501089248906 -0.06770566982203842 0.9761615191947284 0 0 0 0 0 0
-1.4782447814941406 -0.033133525401353836 -7.5413665771484375 0.9815215218616282 0.17676116361503602 0.07328705997576823 -0.045005449729403624 -0.15900363566794054 0.9862516683580469 0 0 0 0 0 0
-1.3705863952636719 -0.3498584032058716 -7.1084442138671875 0.5625536025613502 0.8266834590060261 0.011309414267687296 0.02112720040787517 -0.028048972949235345 0.9993832580744081 0 0 0 0 0 0
-1.0330009460449219 -0.5030251145362854 -6.660652160644531 0.041669948036167595 0.9990752913770464 -0.010591392284906357 0.07029708598078381 0.007642671465726791 0.9974968216869051 0 0 0 0 0 0
-0.7556610107421875 -0.43678829073905945 -6.195411682128906 -0.5041686799919333 0.8491919752491616 -0.15712075384117485 0.18942735868052357 0.28624640342795493 0.9392445221069331 0 0 0 0 0 0
-0.4725990295410156 -0.06520900130271912 -5.976921081542969 -0.9188074727860001 0.35719733597114905 0.16793716422435462 0.20514841513861698 0.06867848740197499 0.9763182847485191 0 0 0 0 0 0
-0.367218017578125 0.3295052647590637 -5.566474914550781 -0.9265049149786363 -0.3761662982179565 0.009357275534551365 0.024419613195885453 -0.03529353365760712 0.9990785999976792 0 0 0 0 0 0
-0.5404167175292969 0.4447174072265625 -5.138580322265625 -0.5807898536618455 -0.8101751639135099 -0.07936844247665208 -0.026900283022861113 -0.07834388939098204 0.996563399773634 0 0 0 0 0 0
-0.7974624633789062 0.5198917388916016 -4.762062072753906 0.1872790554310465 -0.9820580543707393 -0.022102788114016392 0.26330109149713915 0.028508731746129144 0.9642923765283238 0 0 0 0 0 0
-0.7572784423828125 0.4984039068222046 -4.155708312988281 0.30590451807880986 -0.9033548646494859 -0.30062004978557244 0.32164340611028003 -0.19913232686516188 0.9256845227738466 0 0 0 0 0 0
-0.85400390625 0.15879015624523163 -3.8018035888671875 0.7536148849695495 -0.5530991543963426 -0.355170283889831 0.15798184970620055 -0.37208649549719003 0.9146547846220601 0 0 0 0 0 0
-0.8759689331054688 -0.2777732312679291 -3.54150390625 0.9693288536774626 0.11665660665988271 -0.21631645695817442 0.23454517930974583 -0.17616471734904887 0.9560097024737192 0 0 0 0 0 0
-0.6086235046386719 -0.5460749268531799 -3.2109718322753906 0.7681163634456601 0.61661692223537 -0.17257121260509922 0.41570531542760186 -0.2752377718948392 0.8668525016677304 0 0 0 0 0 0
-0.2548637390136719 -0.8388352990150452 -2.9827194213867188 0.3903670541384073 0.9161662415530083 0.09084591835595332 0.5598197065895654 -0.3145464853020708 0.7665914196611435 0 0 0 0 0 0
0.15454864501953125 -1.0254815816879272 -2.6876487731933594 0.023595067474834815 0.9658094751037926 0.25817693659696805 0.6527578829888934 -0.21048378458567696 0.7277387736147831 0 0 0 0 0 0
0.6312217712402344 -1.0297433137893677 -2.4230995178222656 -0.5578347070949292 0.7006335382469802 0.4448967123320105 0.5663099101937429 -0.07054678717887226 0.8211676055684942 0 0 0 0 0 0
1.0040092468261719 -0.865459144115448 -1.9973335266113281 -0.7953975398172264 0.45663212421499233 0.3985346368731426 0.41020058732654824 -0.0784890788467823 0.9086115466241548 0 0 0 0 0 0
1.1803321838378906 -0.686809778213501 -1.5791206359863281 -0.9386119972209414 -0.16582826876897597 0.30250372551424876 0.3241857390826655 -0.12419433313820202 0.9378056164215393 0 0 0 0 0 0
1.1562004089355469 -0.38339024782180786 -1.0565223693847656 -0.7500132972805746 -0.6541788063557608 0.09762245242398097 0.17373515471439552 -0.05243551193587474 0.9833954510289276 0 0 0 0 0 0
1.0223350524902344 -0.27972912788391113 -0.511627197265625 -0.20306553100795666 -0.9522081962869829 -0.2281752419530811 0.1859780399058617 -0.26629593236361015 0.9457793849938629 0 0 0 0 0 0
0.7252464294433594 -0.5002419948577881 -0.15020751953125 0.6711601798788532 -0.7354044903205074 -0.0934036860162396 0.062116861875574976 -0.06976423220017523 0.9956276650315875 0 0 0 0 0 0
0.6688079833984375 -0.8675475120544434 0.2501678466796875 0.9895664550948088 0.13265491386503753 0.05622192435832704 -0.040047238631669334 -0.12159305622901008 0.991771822222666 0 0 0 0 0 0
0.7964363098144531 -1.1585588455200195 0.6296348571777344 0.6096587400547149 0.7884421150470486 0.08170221474986997 0.10534370208081739 -0.18274972722819072 0.9774994842095468 0 0 0 0 0 0
1.1395835876464844 -1.2638520002365112 1.0353851318359375 -0.2520508966267439 0.9582770820813272 0.13481609498628777 0.08355408232754472 -0.11724344884481913 0.9895820779649227 0 0 0 0 0 0
1.4169349670410156 -1.209169626235962 1.5308036804199219 -0.581739140839565 0.8048791567797537 -0.11725662026835668 0.09851795957900265 0.21282475084974012 0.9721110209570388 0 0 0 0 0 0
1.55474853515625 -0.8944523334503174 1.9062042236328125 -0.9534147459072704 0.25232709666552616 -0.16532198454809688 -0.11680102187432281 0.19650879888206593 0.9735203198963246 0 0 0 0 0 0
1.4810104370117188 -0.5598822832107544 2.301593780517578 -0.9257182202621218 -0.2137491748925291 -0.31202093985419116 -0.3455618794584773 0.1426817469266778 0.9274852594834467 0 0 0 0 0 0
1.3005256652832031 -0.25175920128822327 2.6186180114746094 -0.581832496772169 -0.8070941579170441 -0.10034922000714025 -0.3398465504229867 0.12916907429411167 0.9315683938453465 0 0 0 0 0 0
0.8593635559082031 -0.09430425614118576 2.8602027893066406 0.04500221316772369 -0.9935002591988863 0.10455637609324783 -0.4352987454059632 0.07470218086673144 0.897181467943776 0 0 0 0 0 0
0.5774879455566406 -0.17783480882644653 3.3372039794921875 0.40345038342691586 -0.914020204664982 0.04236571227842916 -0.43579853601953433 -0.151237625503952 0.8872467619750197 0 0 0 0 0 0
0.2674102783203125 -0.5062472224235535 3.759357452392578 0.9407665718982555 -0.32454449611265995 0.09812811646915458 -0.1586238707434305 -0.1655032599627296 0.9733689632262171 0 0 0 0 0 0
0.20698165893554688 -0.8265105485916138 4.1595458984375 0.936937772127396 0.3409034098651209 0.07702257009010495 -0.050530878770199184 -0.08593229048303448 0.9950187293428456 0 0 0 0 0 0
0.4216575622558594 -1.201244831085205 4.586128234863281 0.6214022805149937 0.7762998558423375 -0.10591383096617388 -0.08245679272726163 0.1992288599757647 0.9764777205271458 0 0 0 0 0 0
0.6339340209960938 -1.2357070446014404 5.012790679931641 -0.0913731859931184 0.9800367439069585 -0.1765755404174481 0.03007302541201183 0.17995211819460144 0.9832155655296781 0 0 0 0 0 0
0.877655029296875 -1.0228660106658936 5.479503631591797 -0.44281870909245075 0.8491595776838753 -0.2878186972825742 0.03310940107873601 0.33627500073050315 0.9411816463594622 0 0 0 0 0 0
1.129730224609375 -0.587553858757019 5.72430419921875 -0.9310343319770837 0.35968221458221517 -0.061674769502759984 0.03832139910867093 0.26443064623092494 0.9636430374906724 0 0 0 0 0 0
1.1704673767089844 -0.20975227653980255 6.112545013427734 -0.9918775004235408 -0.11858297217853374 -0.0460119860781284 -0.0959080755964586 0.459630208727591 0.882916594169809 0 0 0 0 0 0
0.9454689025878906 0.23243246972560883 6.413341522216797 -0.6259796692969165 -0.7668048611141689 0.14198506470260566 -0.1216428800791405 0.27585210667266047 0.9534718794858645 0 0 0 0 0 0
0.7099227905273438 0.502058207988739 6.750812530517578 -0.2770930051160033 -0.9491196874910652 0.14963717897850495 -0.3381352612860849 0.24209665438968667 0.9094249584260989 0 0 0 0 0 0
0.305755615234375 0.5788773894309998 6.990875244140625 0.26809450359284825 -0.8612663902514586 0.4316775905308574 -0.3638688636134659 0.3243673034698832 0.8731467817797427 0 0 0 0 0 0
-0.12485122680664062 0.4243234694004059 7.330799102783203 0.7396661357570651 -0.4538599489952691 0.4968955164943861 -0.40168336751802797 0.29466273080530503 0.8670780514658052 0 0 0 0 0 0
-0.4163475036621094 0.24695686995983124 7.734508514404297 0.8957152580414698 0.048774365182507856 0.4419448357122716 -0.44453447441348465 0.07783618731237377 0.8923735927304216 0 0 0 0 0 0
-0.4504508972167969 -0.06181321665644646 8.151424407958984 0.7665263288724887 0.5712540038552372 0.2934386651834173 -0.2805179253102146 -0.11320134756008848 0.9531501185491366 0 0 0 0 0 0
-0.4183616638183594 -0.18953640758991241 8.75728988647461 0.4216819977739778 0.9055423093253959 -0.04666282004954166 -0.03214011580438979 0.06635661405792811 0.9972782022719877 0 0 0 0 0 0
-0.07621002197265625 -0.19027693569660187 9.241313934326172 -0.22781574885349498 0.9577394540199331 -0.17559932456567595 -0.006031768510551029 0.17894997582222827 0.9838396840552119 0 0 0 0 0 0
0.18185043334960938 0.0522397980093956 9.660160064697266 -0.8738097354691897 0.458742252975068 -0.16128264486491878 -0.085612550612009 0.18135859119159314 0.9796833940507039 0 0 0 0 0 0
0.20587158203125 0.3142200708389282 10.075389862060547 -0.9655197576348361 0.07519412792304506 -0.24923370707562809 -0.2123902344411898 0.3260887776908884 0.9211712638690369 0 0 0 0 0 0
0.06808090209960938 0.7899847030639648 10.294944763183594 -0.826828030491204 -0.558519177640515 0.06642090184421973 -0.15748702722982955 0.34325890876459125 0.9259433880146523 0 0 0 0 0 0
-0.25225067138671875 1.0696779489517212 10.665695190429688 -0.3990182811322085 -0.9155475736822182 0.05056729819657135 -0.19492500287235284 0.1385819845513462 0.9709785151140181 0 0 0 0 0 0
-0.6670455932617188 1.158366084098816 10.97332763671875 0.1969396103792784 -0.9633183641437599 0.18229788579972175 -0.3168103995051278 0.11343497450713633 0.9416813034800928 0 0 0 0 0 0
-0.9843063354492188 1.0923583507537842 11.473045349121094 0.6521586680680753 -0.7506297772132874 0.10603777263034407 -0.1771383990397449 -0.014885358389732472 0.9840733782047177 0 0 0 0 0 0
-1.1895027160644531 0.8110727071762085 11.917572021484375 0.9873255480351952 -0.1469419021155724 0.059969488906102555 -0.07741908676176966 -0.11606540486749588 0.9902197265243295 0 0 0 0 0 0
-1.1737289428710938 0.41967472434043884 12.212852478027344 0.8676304299154352 0.4614113758481499 0.18524842596544402 -0.13237763791860538 -0.14476116953284465 0.9805714480722828 0 0 0 0 0 0
-1.0662269592285156 0.21812282502651215 12.72049331665039 0.36011790225797463 0.9328939152363485 -0.004902997890355326 -0.033990829108768286 0.018372981504174313 0.9992532497255869 0 0 0 0 0 0
-0.80755615234375 0.29647019505500793 13.208358764648438 -0.1512190995998153 0.9639871366597462 -0.2187729057053568 -0.05760109171925785 0.2123487353486958 0.9754948123022282 0 0 0 0 0 0
-0.5663414001464844 0.5142349600791931 13.679637908935547 -0.6247614427161755 0.709555699824415 -0.3258893194658077 -0.24258271919568364 0.22033103541344398 0.9447792647921884 0 0 0 0 0 0
-0.4384307861328125 0.8827245831489563 14.14560317993164 -0.7919472592242957 0.4254098492896798 -0.43800228165439725 -0.18242491966456584 0.5197289422176848 0.8346274470125359 0 0 0 0 0 0
-0.4930915832519531 1.325034499168396 14.317237854003906 -0.9572869679861534 -0.28861267484041414 0.017446628480561503 -0.1334449534822773 0.49453542140098805 0.8588522348866889 0 0 0 0 0 0
-0.6719703674316406 1.756346583366394 14.718490600585938 -0.7400618791931842 -0.6724257395948232 -0.012330437762212662 -0.3729650740843074 0.3950852698640653 0.8395264635791571 0 0 0 0 0 0
-1.0904350280761719 2.097012758255005 14.85147476196289 -0.26081301068525387 -0.905393907392025 0.335020067928318 -0.20188661829506044 0.39051063653782936 0.8981888643844367 0 0 0 0 0 0
-1.4700355529785156 2.2723677158355713 15.307991027832031 0.3445008487113057 -0.9073756019199067 0.240808393287437 0.05747087541460294 0.27641343118631323 0.9593188800075233 0 0 0 0 0 0
-1.7178497314453125 2.257587432861328 15.728012084960938 0.8244150483703403 -0.5467370783645145 0.14635024824701914 0.01600880617985819 0.28099781143432195 0.9595748788363612 0 0 0 0 0 0
-1.8104171752929688 2.092963933944702 16.207294464111328 0.9701809864744957 0.19485720079532437 -0.14415104849283944 0.09745500261808854 0.2309387620936023 0.96807531247697 0 0 0 0 0 0
-1.5649261474609375 2.099003314971924 16.765182495117188 0.7207256436824075 0.48318955966325855 -0.4970738335207413 0.43057043730111644 0.24994074363793356 0.8672593171549339 0 0 0 0 0 0
-1.169921875 1.9938745498657227 17.08353042602539 0.215508322422848 0.8799806293548472 -0.4233086993279692 0.2963348594242561 0.35411731941911384 0.8870099070345426 0 0 0 0 0 0
-0.7961997985839844 2.1756932735443115 17.472881317138672 -0.18790796212648014 0.8176325848002036 -0.5442127837917913 0.3524645722620399 0.5733114315641223 0.7396504091380157 0 0 0 0 0 0
-0.33045196533203125 2.4437522888183594 17.605358123779297 -0.7501701443676371 0.6577781955481967 -0.06762100236462787 0.3445576072217305 0.47612776023350833 0.8090626744824276 0 0 0 0 0 0
-0.07566452026367188 2.8762288093566895 17.892078399658203 -0.9800997914393482 0.18585488003197073 0.06973064167815865 0.1485078831481315 0.4534220581699253 0.8788366434143547 0 0 0 0 0 0
-0.09402084350585938 3.2997138500213623 18.2144775390625 -0.9741722108259768 -0.20631401044072295 0.09177708183579404 -0.04980282726389418 0.5927444083437116 0.8038493296469098 0 0 0 0 0 0
-0.26044464111328125 3.708432197570801 18.38318634033203 -0.663508833892992 -0.6093865491336907 0.4340553663772563 -0.19573137454753323 0.7013362037810541 0.6854318042545977 0 0 0 0 0 0
-0.6727218627929688 3.9827725887298584 18.61115264892578 -0.12341672839235499 -0.7143472436375318 0.6888224202654765 -0.3571580445098255 0.6795884862105726 0.6407789171406468 0 0 0 0 0 0
-0.81427001953125 3.088644027709961 19.46273422241211 0.11244330356136613 0.73923870780666 -0.6639899369452414 -0.09055201937227766 -0.6578239625762624 -0.7477084766458564 0 0 0 0 0 0
-1.0657882690429688 2.9597694873809814 18.90256118774414 0.7190452067283681 0.5767799898185613 -0.38768393573355436 -0.06240725497609816 -0.5020050391488703 -0.8626101524996617 0 0 0 0 0 0
-1.2358779907226562 3.031635046005249 18.40709686279297 0.9711684331125635 0.15130083656963686 -0.18422793322136682 -0.15407626786153839 -0.19133145153012263 -0.9693568895598957 0 0 0 0 0 0
-1.2928543090820312 3.1937947273254395 17.89704132080078 0.9767935752329945 -0.21411116579097111 -0.005542568644212029 -0.06729362385318617 -0.28222641035143253 -0.9569847550974105 0 0 0 0 0 0
-1.1621208190917969 3.335387945175171 17.471519470214844 0.6419720889376822 -0.7604905956135899 0.09760067114664786 -0.0939432223594847 -0.20435356431670737 -0.9743789261492544 0 0 0 0 0 0
-1.0463981628417969 3.1869406700134277 16.880142211914062 0.39063712953047597 -0.7902395197472675 0.47214842418650343 -0.05116722761679325 -0.5307476874118378 -0.845983928408216 0 0 0 0 0 0
-0.7391357421875 2.9855175018310547 16.60376739501953 -0.485859298581781 -0.8016968737179259 0.3481707406611359 -0.0029731981251355827 -0.3968295565184442 -0.9178875002778303 0 0 0 0 0 0
-0.6923637390136719 2.612382411956787 16.160377502441406 -0.6830083302092705 -0.48807155839046495 0.543402037864275 -0.17141528943943027 -0.6160815133507674 -0.7688045053547907 0 0 0 0 0 0
-0.6278457641601562 2.1767959594726562 16.006187438964844 -0.9895944066448739 -0.05705320129521887 0.1320902818497534 -0.06425493979022612 -0.6461707410449989 -0.760483185961341 0 0 0 0 0 0
-0.7769851684570312 1.6020307540893555 15.821212768554688 -0.8668113372721971 0.4984290709673358 0.014372431632267008 -0.22071904038579723 -0.3576847141231407 -0.9073834638639938 0 0 0 0 0 0
-1.0334815979003906 1.188171625137329 15.65243911743164 -0.5264384126237687 0.7944407070152266 -0.30286393108343834 -0.11478152937288427 -0.41936873439697114 -0.900530435424092 0 0 0 0 0 0
-1.3175544738769531 1.0229777097702026 15.235633850097656 0.17140384626333638 0.9429613268371747 -0.28538510398338834 -0.012507970268783593 -0.28756583617839204 -0.957679195003618 0 0 0 0 0 0
-1.5385284423828125 0.9280912280082703 14.816192626953125 0.6181470249480243 0.7601340684516398 -0.20022600612074495 0.08064696064012125 -0.3147036568114625 -0.9457577259155773 0 0 0 0 0 0
-1.6177635192871094 1.0237224102020264 14.322196960449219 0.9686196537810664 0.2473268472708341 0.024604815140873357 0.11465476738437891 -0.3567960966148074 -0.9271196415546761 0 0 0 0 0 0
-1.5787429809570312 1.1560553312301636 13.755733489990234 0.9484834991722407 -0.1926075922938253 0.25155788039486626 0.16952532647028834 -0.36224138753841983 -0.916538237521699 0 0 0 0 0 0
-1.2956733703613281 1.3734192848205566 13.319427490234375 0.6040812199242924 -0.752844607075173 0.2613634965572035 0.32415206232885174 -0.06748675521167118 -0.9435947108578727 0 0 0 0 0 0
-0.9713973999023438 1.4347562789916992 12.949813842773438 0.11739182093252425 -0.976317035496588 0.181725635443381 0.41201007673095674 -0.1186181689402177 -0.9034253852252665 0 0 0 0 0 0
-0.4828681945800781 1.310523271560669 12.724784851074219 -0.5996941707310699 -0.79772963682467 -0.06320069716984315 0.37609159299802725 -0.21125147174967224 -0.9021795438602028 0 0 0 0 0 0
-0.16030120849609375 0.9618273377418518 12.452503204345703 -0.9314150221809901 -0.3033248973453646 -0.20114686949095104 0.29484852895035574 -0.3048372153230522 -0.9056150490853707 0 0 0 0 0 0
-0.00917816162109375 0.5931645631790161 12.060211181640625 -0.9060169249810565 0.3753525686720927 -0.1955601719142537 0.06385011168328268 -0.3355490361300353 -0.9398563760438275 0 0 0 0 0 0
-0.17709732055664062 0.18601275980472565 11.632225036621094 -0.6538962170281765 0.736566803343475 -0.17288459031566325 -0.022739144424424464 -0.24753638188279006 -0.9686117235276593 0 0 0 0 0 0
-0.47502899169921875 -0.020501378923654556 11.183727264404297 -0.19453875271154422 0.9746212876226321 -0.110761091572084 -0.21193757705795602 -0.15201544404059375 -0.9653878848441926 0 0 0 0 0 0
-0.7892646789550781 -0.05946362018585205 10.686824798583984 0.434191970325479 0.9006184172797345 -0.019073525144146213 0.016740159103993776 -0.029236733137187387 -0.9994323291292103 0 0 0 0 0 0
-0.9782867431640625 0.14486020803451538 10.268863677978516 0.8580706879882131 0.5100666639988872 0.059554115663664996 0.0850329190941882 -0.026755785315846155 -0.9960188404957275 0 0 0 0 0 0
-1.0320930480957031 0.4203866720199585 9.783504486083984 0.9806123108336272 0.009498959493520647 0.19572752900416046 0.19183202788371034 0.15734969070086705 -0.968731927787231 0 0 0 0 0 0
-0.7652244567871094 0.6988108158111572 9.37939453125 0.7731601837820009 -0.5230702726332058 0.35863744938531816 0.46898338237231024 0.09086535594872784 -0.8785203891469671 0 0 0 0 0 0
-0.36993408203125 0.9370145201683044 8.984695434570312 0.29075881555665073 -0.9192987822021691 0.26523397259344866 0.4746247513918368 -0.1021190837827619 -0.8742442668348513 0 0 0 0 0 0
0.09313201904296875 0.8542152047157288 8.736400604248047 -0.40872325090575845 -0.9118799212235306 -0.03768704602905494 0.2991519210937848 -0.094844991721391 -0.9494801502144568 0 0 0 0 0 0
0.48867034912109375 0.6054051518440247 8.465511322021484 -0.840371920013631 -0.4805331363592603 -0.25072483106652177 0.40219830572285226 -0.2427759479658494 -0.882777640158013 0 0 0 0 0 0
0.7375602722167969 0.23126275837421417 8.161949157714844 -0.962542483006321 0.040251090635269014 -0.2681264964726493 0.2232032089348601 -0.44378069114100777 -0.8678934414382855 0 0 0 0 0 0
0.6681327819824219 -0.17067402601242065 7.909126281738281 -0.5223783850606946 0.6718174341591927 -0.525149652938226 0.2935564185623202 -0.4365276994156425 -0.8504517603978197 0 0 0 0 0 0
0.6535148620605469 -0.5185499787330627 7.471454620361328 -0.3233619649722846 0.8470314141103316 -0.42187062367450373 0.12193510989243625 -0.4048077652467515 -0.9062353459071493 0 0 0 0 0 0
0.46807861328125 -0.6677476167678833 7.007831573486328 0.03240246681897632 0.9572276364688954 -0.2875157945647809 -0.16811616299694085 -0.27834834472880526 -0.9456527664665928 0 0 0 0 0 0
0.19503021240234375 -0.6914286017417908 6.489459991455078 0.5795979836860907 0.8139241968338176 -0.03991965825809851 -0.030920160855250713 -0.026986250890746487 -0.9991574880445762 0 0 0 0 0 0
-0.0239715576171875 -0.37440016865730286 6.093570709228516 0.9821428811603546 0.1781712274770709 -0.06041833070642711 -0.04234933038883708 -0.10353003007125018 -0.993724341600357 0 0 0 0 0 0
-0.00322723388671875 -0.19140008091926575 5.590553283691406 0.9193523354932143 -0.3657439001146446 0.14499200926982594 0.07605560134784356 -0.19636404717706307 -0.9775769568069115 0 0 0 0 0 0
0.23842620849609375 -0.08977220952510834 5.11346435546875 0.6243775195361545 -0.6797960645044016 0.384746700807436 0.24608424348970057 -0.2962872632658392 -0.9228523190264741 0 0 0 0 0 0
0.7118644714355469 -0.04428153112530708 4.855922698974609 -0.04563052705245889 -0.995529253843234 0.08270042166306232 0.364095469675252 -0.09366612013784477 -0.9266397071679373 0 0 0 0 0 0
1.1592674255371094 -0.22369256615638733 4.569942474365234 -0.4817857999242825 -0.8755651162748501 0.03561137674855436 0.22585330555505184 -0.16333796218670868 -0.9603702382303139 0 0 0 0 0 0
1.361846923828125 -0.5343807935714722 4.263031005859375 -0.9400448888788376 -0.3375372696360274 -0.04882825513398223 0.09235600554889437 -0.11411953820746291 -0.989164849374647 0 0 0 0 0 0
1.3952484130859375 -0.9130599498748779 3.8888206481933594 -0.8895990411743551 0.42758902191514975 -0.1605651714392437 0.1250307766737961 -0.11013695077770547 -0.9860208704473434 0 0 0 0 0 0
1.18646240234375 -1.155202031135559 3.455291748046875 -0.5734492930803692 0.8151253286948329 -0.08201589349489345 -0.02472294316574896 -0.1172849771720632 -0.992790516781346 0 0 0 0 0 0
0.8207778930664062 -1.2744832038879395 3.022106170654297 0.07490259977297721 0.9865589458892133 -0.1452275691224411 -0.08114414885719104 -0.13912366945890706 -0.9869448980072447 0 0 0 0 0 0
0.5018882751464844 -1.1940813064575195 2.5399627685546875 0.6434963378894681 0.7654279701108608 0.005699622339293682 0.1325643330387722 -0.10410723777005776 -0.9856918284382166 0 0 0 0 0 0
0.37207794189453125 -0.8800019025802612 2.1310272216796875 0.9299710429610414 0.36761964125194146 0.0031078320010159304 -0.044121740783137596 0.11999975607615183 -0.991792987740854 0 0 0 0 0 0
0.3983039855957031 -0.5766916871070862 1.6402740478515625 0.9462744926817107 -0.2815444304768804 0.15905130671396644 0.2160023450721959 0.18431562334812737 -0.958838223014239 0 0 0 0 0 0
0.6815872192382812 -0.22758561372756958 1.3692703247070312 0.6375616621781321 -0.7566622583468585 0.14483560927509914 0.28069451322178973 0.05307514659546786 -0.9583285548605198 0 0 0 0 0 0
1.0290718078613281 -0.1306738555431366 0.9886207580566406 0.07577780851559361 -0.9727835220792309 0.21897475404187744 0.4387548031589939 -0.16467392956565505 -0.8833893363779746 0 0 0 0 0 0
1.5711784362792969 -0.17295847833156586 0.7500534057617188 -0.5358759486430767 -0.8373374184095453 -0.1081804760440632 0.3217250513378621 -0.08405243750244491 -0.9430950000352815 0 0 0 0 0 0
1.8566741943359375 -0.5080398321151733 0.4074516296386719 -0.9749847138474836 -0.13520740681957774 -0.17641928722468417 0.18143781242381868 -0.02564153363660558 -0.9830680708758791 0 0 0 0 0 0
2.754352569580078 -1.1149237155914307 0.5562896728515625 -0.3495835154058798 -0.9357379810390379 0.046752503649024356 0.6172449460013848 -0.2675639681165391 -0.739877151695793 0 0 0 0 0 0
3.1391944885253906 -1.3966878652572632 0.4874916076660156 -0.7197938336367409 -0.39718095049186697 -0.569336569723833 0.6687271001383879 -0.17664421566310692 -0.7222194172225421 0 0 0 0 0 0
3.3467788696289062 -1.824661135673523 0.23508071899414062 -0.6803509086398447 0.3090888430771915 -0.6645199231009865 0.6579459631629133 -0.1418281297553205 -0.7395890015189074 0 0 0 0 0 0
3.526744842529297 -2.2043540477752686 -0.207061767578125 -0.4626872938873441 0.7503679769717994 -0.47208936358538706 0.574314465168585 -0.15195784635099158 -0.8044076752682628 0 0 0 0 0 0
3.5307388305664062 -2.3049864768981934 -0.7067108154296875 0.05571701270003875 0.9982107856254727 0.021698892984670752 0.6133207046450981 -0.017068415867778592 -0.7896495313956724 0 0 0 0 0 0
3.835224151611328 -2.4435136318206787 -0.9073829650878906 -0.4804385373295547 0.8656001303655619 -0.14112131716987317 -0.7767285828027688 -0.494672023929348 -0.3898618952896586 0 0 0 0 0 0
4.465240478515625 -1.6959149837493896 -1.4124488830566406 -0.4550944096799639 0.8253245866712603 -0.33425799154838237 -0.7232079062474366 -0.12359485150968526 0.679481152808154 0 0 0 0 0 0
4.361202239990234 -1.5576077699661255 -0.9941329956054688 -0.7332208887243201 0.15581862501178315 -0.661897034619249 -0.6521491339205849 0.11454287521966795 0.7493873743685855 0 0 0 0 0 0
4.021537780761719 -1.3550841808319092 -0.6900138854980469 -0.5796306397119295 -0.3355775526716713 -0.7425739206638159 -0.80056967557354 0.0644819317534117 0.5957602496217966 0 0 0 0 0 0
3.5342674255371094 -1.1533523797988892 -0.6190299987792969 -0.10894313211352519 -0.9439127202530001 -0.311705262242838 -0.7909817736800572 -0.10760427843456534 0.602303206838987 0 0 0 0 0 0
3.0206069946289062 -1.2528045177459717 -0.7276458740234375 0.4003752541336019 -0.8474690187473951 0.34856264593438724 -0.8286517112040386 -0.17245347229512603 0.5325374554075734 0 0 0 0 0 0
2.6181259155273438 -1.4842643737792969 -0.6266212463378906 0.6615532997908294 -0.18022756751669516 0.7279184401036147 -0.7396052851748675 0.0034626476322902424 0.6730319696810677 0 0 0 0 0 0
2.2522354125976562 -1.7038779258728027 -0.301177978515625 0.6788019936670311 0.243509528480738 0.6927704980242394 -0.6537364647771047 -0.22928630047063714 0.721149379142229 0 0 0 0 0 0
2.119842529296875 -2.062462568283081 0.014896392822265625 0.1392033011597042 0.8926175371114385 0.42878476347387884 -0.7424250453879088 -0.19246498078166155 0.6416870601418393 0 0 0 0 0 0
1.5875358581542969 -2.4630050659179688 -0.425628662109375 0.37544490409799375 -0.7696961332471711 -0.5163419278454942 -0.24681120939433548 0.453954641957108 -0.8561596871862746 0 0 0 0 0 0
0.7508468627929688 -1.4191174507141113 -0.60992431640625 0.06130439609930559 0.9979824713051613 -0.016515386357646013 -0.49094824115780417 0.015743379004515872 -0.8710464801154868 0 0 0 0 0 0
0.3361701965332031 -1.2535481452941895 -0.8695526123046875 0.6055597221426601 0.7800716575442661 -0.15743453247189898 -0.4912554464470327 0.21079189510740146 -0.8451241703401678 0 0 0 0 0 0
0.06992721557617188 -0.8685141801834106 -1.1589813232421875 0.9169784199330355 0.1622632049762132 -0.36444647026409877 -0.398898475089535 0.38559919433410195 -0.8319815309849944 0 0 0 0 0 0
-0.037296295166015625 -0.37817031145095825 -1.5344581604003906 0.8652713989696496 -0.34915359726542466 -0.35971818364063707 -0.28301926387118187 0.25203139888577364 -0.925408164138125 0 0 0 0 0 0
0.0210113525390625 -0.05077206715941429 -1.9115219116210938 0.48196569013697166 -0.7948015879828809 -0.36878111295276955 -0.2589755633276727 0.2728645312847503 -0.9265401260419692 0 0 0 0 0 0
0.1054534912109375 0.15356695652008057 -2.383636474609375 0.08248715526532084 -0.9882746245947455 -0.12848788113417497 -0.14173344604678703 0.11598348829012586 -0.9830867005080258 0 0 0 0 0 0
0.24721527099609375 0.27231141924858093 -2.8993148803710938 -0.4894699222997128 -0.8720137276726487 0.0033546854345485287 -0.0984597758708923 0.05144320081272094 -0.9938104797322252 0 0 0 0 0 0
0.3878822326660156 0.1430404931306839 -3.385509490966797 -0.8244166395503756 -0.5525980250474796 0.12236268690287559 -0.154901042509264 0.012353790933021391 -0.9878527475687491 0 0 0 0 0 0
0.2908363342285156 -0.10745307058095932 -3.873241424560547 -0.9369637423198739 -0.17722793888824287 0.301146481392963 -0.27878547343005716 -0.14042261297304384 -0.950031657141067 0 0 0 0 0 0
0.036190032958984375 -0.44717758893966675 -4.266166687011719 -0.721339470063496 0.5668594395908935 0.39791926904236846 -0.4434674998757956 0.06327960091403831 -0.89405383991238 0 0 0 0 0 0
-0.4172859191894531 -0.5720441341400146 -4.503120422363281 -0.24608109074567158 0.9173173195212391 0.3130064409621459 -0.5686933735152528 0.12485881866740495 -0.8130179102091303 0 0 0 0 0 0
-0.8713798522949219 -0.6058148741722107 -4.711174011230469 0.270069387252973 0.9539243608541543 -0.13073193885886092 -0.5763341640904932 0.05139370307750564 -0.8155964802438116 0 0 0 0 0 0
-1.3067817687988281 -0.4576227366924286 -4.928924560546875 0.6875549284564327 0.6151633123080581 -0.38580088069553203 -0.5901823711690205 0.16389756643752054 -0.7904570554288014 0 0 0 0 0 0
-1.5631446838378906 -0.03031698614358902 -5.39752197265625 0.9193552421315998 0.36171912655380956 -0.1547424061151197 -0.2790356957994633 0.32221598614719166 -0.9046081686237982 0 0 0 0 0 0
-1.6152153015136719 0.3371778130531311 -5.866386413574219 0.9295120260173757 -0.35572569835576096 -0.0972965622125446 -0.03492213852047169 0.17773950294268762 -0.9834577333748733 0 0 0 0 0 0
-1.4038619995117188 0.5595024824142456 -6.33038330078125 0.5892586198232452 -0.798925001892696 0.12038737606061352 0.24452129020501082 0.034329345695903936 -0.9690360337265937 0 0 0 0 0 0
-1.0481224060058594 0.7194463014602661 -6.6790618896484375 0.007539637760779734 -0.999876964521322 0.013755351033803504 0.26584565947401934 -0.011256473994015997 -0.9639498831018373 0 0 0 0 0 0
-0.701263427734375 0.6132605671882629 -7.059608459472656 -0.5421710345578048 -0.839427099037281 -0.037586097009056685 0.27590080103855474 -0.1355918337861666 -0.9515742759221629 0 0 0 0 0 0
-0.3807792663574219 0.3033638596534729 -7.360809326171875 -0.9306837814089959 -0.33695266740089935 -0.14244507346226823 0.22473597761055078 -0.21937890058993145 -0.9494033064737994 0 0 0 0 0 0
-0.3324394226074219 -0.021027008071541786 -7.7480010986328125 -0.9399220525708705 0.27652217791689526 -0.20020494552098042 0.1154470443406917 -0.2944348477606928 -0.9486728099704007 0 0 0 0 0 0
-0.3804779052734375 -0.33146971464157104 -8.160423278808594 -0.7547520453391744 0.6457551004274965 -0.11554090326895819 -0.11056147893456375 -0.2988218425305257 -0.9478827278743209 0 0 0 0 0 0
-0.7366256713867188 -0.4517337679862976 -8.68621826171875 -0.26581656056216213 0.9586945681670413 0.10122391564206597 -0.3423105437639354 0.004293190204636532 -0.9395770645061032 0 0 0 0 0 0
-1.067901611328125 -0.5219772458076477 -9.007438659667969 0.4055152171279295 0.8911217460073795 -0.20361591900057174 -0.17958638992721332 -0.14074388184765152 -0.9736220459066062 0 0 0 0 0 0
-1.3531112670898438 -0.3564720153808594 -9.465766906738281 0.8425318216560362 0.5308167717789153 -0.09150783734288534 -0.15171746592835303 0.0708548680876342 -0.9858810263924157 0 0 0 0 0 0
-1.4366035461425781 0.028257332742214203 -9.846336364746094 0.9842682194340932 -0.08563286188620471 -0.15454153220807057 -0.14169306809181811 0.1399262016633438 -0.9799712916931786 0 0 0 0 0 0
-1.4008560180664062 0.4042842388153076 -10.306022644042969 0.9091679505208157 -0.4135913963068087 -0.048536528993780914 0.025979252183844663 0.1726594398024082 -0.9846389167116476 0 0 0 0 0 0
-1.12933349609375 0.6348685026168823 -10.6064453125 0.35410533847320025 -0.9065320638419812 -0.2298021464024615 -0.02180730497296663 0.23765293081022207 -0.971105311450374 0 0 0 0 0 0
-0.751983642578125 0.7148345112800598 -11.029876708984375 -0.30815973379894873 -0.9212239163985115 -0.23745330976920379 0.22275310748424926 0.17279034200487148 -0.9594397067121779 0 0 0 0 0 0
-0.606903076171875 0.6445187926292419 -11.541893005371094 -0.6518510169801055 -0.7580905019161808 -0.019724161996781793 0.2111854003506541 -0.15648632012947425 -0.9648382031672822 0 0 0 0 0 0
-0.4096336364746094 0.18108773231506348 -11.781455993652344 -0.9450254392538678 -0.12335102706914047 -0.30283897253164427 0.32335460316063447 -0.21467354115960163 -0.921605702749731 0 0 0 0 0 0
-0.3973121643066406 -0.22924531996250153 -12.103614807128906 -0.8427165043269051 0.4058119537666309 -0.35375917163396775 0.23754732990225477 -0.30938562840238654 -0.9207886831376513 0 0 0 0 0 0
-0.4662971496582031 -0.5402305126190186 -12.533004760742188 -0.46242109986588975 0.8196973929685923 -0.33802797274680396 0.18118688223160903 -0.2858343983380424 -0.9409941606800323 0 0 0 0 0 0
-0.7229385375976562 -0.7507391571998596 -12.857658386230469 0.23263047869482345 0.9253449602969991 -0.2993656039613813 -0.10090681151068846 -0.2831847826547692 -0.9537422053487608 0 0 0 0 0 0
-1.0326728820800781 -0.6183165907859802 -13.337257385253906 0.8562027965943785 0.4947831010678093 -0.14868239304533573 0.0377240619063133 -0.3468924990601403 -0.937145927403571 0 0 0 0 0 0
-0.9204483032226562 -0.8228182792663574 -13.886772155761719 0.8787594402441916 0.456000281972277 0.1408743731944138 0.21409551964996404 -0.11283259965731764 -0.9702741431782996 0 0 0 0 0 0
-0.8815460205078125 -0.615700364112854 -14.371078491210938 0.959474790998204 -0.0835756950072995 0.26911564176576497 0.2696772769676598 -0.004707896028285724 -0.9629392514599742 0 0 0 0 0 0
-0.642425537109375 -0.3628607392311096 -14.780754089355469 0.7184085783844838 -0.6179224953951824 0.3194697234295855 0.48370487978405796 0.11369914720546094 -0.8678145500035367 0 0 0 0 0 0
-0.2583732604980469 -0.2070569545030594 -15.113388061523438 0.36903820348506194 -0.9014424832959193 0.22630124541814728 0.5427891978205371 0.011386221511490931 -0.8397917841280832 0 0 0 0 0 0
0.17330169677734375 -0.22034655511379242 -15.485733032226562 -0.2999805880265336 -0.9446191001648345 0.13306540651511722 0.3316399153952382 -0.23405770292757963 -0.9139102572008393 0 0 0 0 0 0
0.5552139282226562 -0.49889904260635376 -15.73199462890625 -0.8137769128842373 -0.565933655651488 -0.13223552267656064 0.4099794854487321 -0.3977358174885995 -0.8208063358660608 0 0 0 0 0 0
0.7313804626464844 -0.9094914793968201 -16.04163360595703 -0.9739463307685889 -0.006608563903073682 -0.22668231440838377 0.19572051555018893 -0.5294046487575031 -0.8254842201197509 0 0 0 0 0 0
0.6371345520019531 -1.234839916229248 -16.445693969726562 -0.6327854797948652 0.6973969750332437 -0.33648179114963045 0.040588897453025914 -0.4040758145867234 -0.9138245331953085 0 0 0 0 0 0
0.2995033264160156 -1.5829274654388428 -16.76543426513672 -0.08864712010914662 0.9043074229584466 -0.4175760683739044 -0.09885680830464097 -0.4251442584331389 -0.8997108929946086 0 0 0 0 0 0
0.044643402099609375 -1.6895323991775513 -17.243026733398438 0.2494699492293406 0.9504615032030274 -0.18543914193220337 -0.17508443999647247 -0.14406813177489414 -0.9739557547845866 0 0 0 0 0 0
-0.2818603515625 -1.5030208826065063 -17.635841369628906 0.7803507668973895 0.5983038425233616 -0.18189335508598573 -0.1067160390440084 -0.15919274437818176 -0.9814628659038003 0 0 0 0 0 0
-0.44884490966796875 -1.3059078454971313 -18.08222198486328 0.9925506810464161 -0.01672436397371632 -0.12067908353965129 -0.12092094422112434 -0.014292021879719731 -0.9925592492940971 0 0 0 0 0 0
-0.43102264404296875 -1.068821668624878 -18.569847106933594 0.884326797746728 -0.4661914725993933 0.02513216390657926 0.0537505127367892 0.048191419806519156 -0.9973908308369213 0 0 0 0 0 0
-0.20233535766601562 -0.7635904550552368 -19.02239990234375 0.5301842853241371 -0.8372435070096939 0.1338952335426569 0.226539008930775 -0.012297998388411526 -0.973924451211849 0 0 0 0 0 0
0.18273544311523438 -0.6804733276367188 -19.377227783203125 -0.02771268563057771 -0.9943118064240299 0.102839869024241 0.4194290242595934 -0.10495129081202346 -0.9017009039396243 0 0 0 0 0 0
