t = 0
b = 77.709685 77.709685 77.709685
E = 0.000000 0.000000 0.000000
0.3677559819846743 -1.1833230164998185 0.20767074359466942 0.9692683895461431 0.07963779148281787 0.232758697354933 -0.21916214223826674 -0.15003148456853388 0.9640842852405052 0.0 0.0 0.0 0.0 0.0 0.0
0.5292165610080614 -1.2832394145730608 0.7571182593723096 0.7425585781852921 0.6684641851457838 0.04198084254538753 -0.011169223175099344 -0.05038496884210864 0.9986674137912204 0.0 0.0 0.0 0.0 0.0 0.0
0.8575443179150036 -1.5017756515613994 1.121734855599906 0.10356831354417542 0.9932400787528978 -0.05241898881657912 0.11817618248887363 0.04008930000479607 0.9921830667359133 0.0 0.0 0.0 0.0 0.0 0.0
1.1698939011505047 -1.3909588518431553 1.5764117163653444 -0.5073746775856203 0.8542107103148674 -0.1135561487910611 0.1313929139527955 0.2069591352088558 0.9694863684016377 0.0 0.0 0.0 0.0 0.0 0.0
1.4148078578696097 -1.1862095953666745 2.002250136964858 -0.920009855266039 0.39039419755438803 -0.034267137744893546 0.14907270018433952 0.4293591219889242 0.8907457967482362 0.0 0.0 0.0 0.0 0.0 0.0
1.498242691946466 -0.6980291735149096 2.257572200046959 -0.9695791960451855 -0.23454927979166063 0.07002012528969896 -0.025613687788832797 0.38164849532358636 0.9239525772544274 0.0 0.0 0.0 0.0 0.0 0.0
1.377302966267512 -0.358237457932222 2.6584487751428347 -0.7294459434210011 -0.6709610989657022 0.1331158116129817 -0.1715842102479776 0.367799326423043 0.9139379159857269 0.0 0.0 0.0 0.0 0.0 0.0
0.915782620760315 0.09623826904878793 2.982212356009022 -0.09671514228004115 -0.9886229312216565 0.1151993103991998 -0.19901357912429785 0.1325293931460604 0.9709941067156246 0.0 0.0 0.0 0.0 0.0 0.0
0.7130415003521953 -0.06398215543554825 3.478593126320733 0.42909215736994877 -0.9028171564790128 0.028303753297975916 -0.0993780680663428 -0.01602013362027611 0.9949207782060789 0.0 0.0 0.0 0.0 0.0 0.0
0.20244995891054238 -0.32900915707912654 3.8698271307818737 0.8740464218074342 -0.4855191711405785 0.017719677778854345 0.021501714539637028 0.07505967429571254 0.9969472009923482 0.0 0.0 0.0 0.0 0.0 0.0
0.22148318267198872 -0.660252553416295 4.319767697816388 0.9752699084273764 0.19344967387895728 -0.10689167129473605 0.10545159096590599 0.017487867185483556 0.9942706555380493 0.0 0.0 0.0 0.0 0.0 0.0
0.32959981803240196 -0.739386446348908 4.660766171636533 0.7157441458707986 0.6981453671256866 -0.017417348036400323 0.07600121240851075 -0.052985013267198365 0.9956989525361123 0.0 0.0 0.0 0.0 0.0 0.0
0.7009790319252632 -1.049958376913061 5.0582154012536735 0.15666945595077136 0.9801644508767573 -0.12137681331108609 0.1889080642436161 0.09088556108560364 0.9777799128893397 0.0 0.0 0.0 0.0 0.0 0.0
0.9112545981059719 -0.6962393363074273 5.479834859513187 -0.604784284423949 0.792500712170967 -0.07860401085391301 0.24144059379470376 0.27642931041403046 0.9302114146859758 0.0 0.0 0.0 0.0 0.0 0.0
1.172947483759881 -0.40441809501447906 5.84080770133834 -0.964261473870846 0.2548392504925742 -0.07250356140774583 0.011980547476985006 0.31535530560875275 0.9488980438943702 0.0 0.0 0.0 0.0 0.0 0.0
1.4363406903028877 0.17065699107771776 6.0909654555059864 -0.9823852758908722 -0.18409232339173934 0.032080931735945915 -0.05401276376898453 0.44386252084324085 0.8944655856659436 0.0 0.0 0.0 0.0 0.0 0.0
1.2110824137121388 0.4962681522906928 6.465993582218048 -0.6497821451228031 -0.7472214670860616 0.13943902970604113 -0.19214746511338945 0.3389439842356201 0.9209757473467923 0.0 0.0 0.0 0.0 0.0 0.0
0.877535072787039 0.6337755341629491 6.9357060049307355 -0.2024712991910574 -0.9526673763908985 0.22678236916561098 -0.35780427005333204 0.28742369350668406 0.8884614368348117 0.0 0.0 0.0 0.0 0.0 0.0
0.4494562984268607 0.7119482272833998 7.2051207736557865 0.38857859117020127 -0.81743003352611 0.4252232575644049 -0.44544564159003625 0.23726846125653536 0.8632970854123144 0.0 0.0 0.0 0.0 0.0 0.0
-0.21783649330828828 0.5818854191124677 7.3702783810753685 0.8148260882897749 -0.3543533000115753 0.4587942726465647 -0.44019865923279194 0.13681964723575626 0.8874150801851045 0.0 0.0 0.0 0.0 0.0 0.0
-0.45640959963570904 0.26311838744334637 7.862999565981483 0.9097623779225401 0.17254114064048176 0.37757379477819547 -0.4109529069126367 0.24523437262590939 0.8780534213718606 0.0 0.0 0.0 0.0 0.0 0.0
-0.5024689249859479 -0.02128469479960441 8.34299913907803 0.6476252985627557 0.7555317334342672 0.09875865752081162 -0.39412559909838696 0.22128880117329405 0.8920180932081052 0.0 0.0 0.0 0.0 0.0 0.0
-0.47938091883853795 0.10502074039289348 8.836769194646632 0.3216153070657483 0.9460012742988613 -0.04056085903842314 -0.13441342232116468 0.0880756791159878 0.9870033974856265 0.0 0.0 0.0 0.0 0.0 0.0
0.08635189651860233 0.004585654620874153 9.355674614186002 -0.3877202145714067 0.9018181784277642 -0.19077999965911402 -0.14245155825257855 0.14585655760842928 0.978996127752317 0.0 0.0 0.0 0.0 0.0 0.0
0.38374351640376525 0.3448099212363123 9.66886521946395 -0.8728761767534465 0.4793909169289896 -0.09094794567371073 -0.06279718116928892 0.07446844313037194 0.9952441735649248 0.0 0.0 0.0 0.0 0.0 0.0
0.28236283947718555 0.5482898959067073 10.098653831102762 -0.9662436564707053 -0.056172783149207164 -0.25143153096498044 -0.2528148555035168 0.02054804469786297 0.9672964523329083 0.0 0.0 0.0 0.0 0.0 0.0
0.22865182554590277 1.0952615050481334 10.55309344916647 -0.8812096688120314 -0.4139297745753384 -0.22832358904020264 -0.3039146106986753 0.12613236051191665 0.9443127326450516 0.0 0.0 0.0 0.0 0.0 0.0
-0.21093566564921343 1.4132462138999764 10.86244570321672 -0.4012736651875281 -0.9150382741723967 -0.04104147203219433 -0.3201605920087717 0.09811721773736864 0.9422686490104988 0.0 0.0 0.0 0.0 0.0 0.0
-0.5786747493720961 1.4357617024909812 11.24498922068774 0.18428893017759784 -0.9826875780392069 0.019045056614098967 -0.4234317103633277 -0.061912414002529816 0.9038099577074632 0.0 0.0 0.0 0.0 0.0 0.0
-0.8779408311810284 1.213766924943257 11.599761289817637 0.7222050787787433 -0.6627990447141894 0.1977808143176361 -0.34702160996922937 -0.09981643817231989 0.9325302573562723 0.0 0.0 0.0 0.0 0.0 0.0
-1.255021451898653 0.7977758329953681 11.931506898048339 0.9799312818807507 -0.15050011684372794 0.13070729750696042 -0.14471572552569273 -0.08649896467277947 0.9856851870126231 0.0 0.0 0.0 0.0 0.0 0.0
-1.2172725138209992 0.4108803460764015 12.391627000220572 0.8826654188505471 0.4615927470697171 0.088509288879871 -0.023237037427919844 -0.14524016618709917 0.9891235181803724 0.0 0.0 0.0 0.0 0.0 0.0
-0.9653165844877513 0.29415355717304525 12.87905611645926 0.31194884018510527 0.9455388320455322 -0.09297439540614774 -0.1346202268572936 0.14083656154360516 0.9808376305247802 0.0 0.0 0.0 0.0 0.0 0.0
-0.7001056586053064 0.2880811223291852 13.336511651796194 -0.16583796084818755 0.9629125363471892 -0.21283143115418401 0.05418922586922733 0.22439186563815713 0.9729911707899106 0.0 0.0 0.0 0.0 0.0 0.0
-0.3379040463332551 0.4823980590122878 13.696000626125066 -0.7827237364985219 0.614407628099711 -0.0992311385336269 0.05644684358348637 0.22891304137691093 0.9718089181197269 0.0 0.0 0.0 0.0 0.0 0.0
-0.1571891876027236 0.8180874324958911 14.152757396102372 -0.9798485415190601 0.1168343752524114 -0.1620079147521795 -0.11303721144678246 0.3445266556912543 0.9319463355507844 0.0 0.0 0.0 0.0 0.0 0.0
-0.047674443424619524 1.4035980846264948 14.3383352188236 -0.8426096915044408 -0.4924560630534601 0.21793561834789088 -0.020536415705021575 0.43374649043987623 0.9008008868007851 0.0 0.0 0.0 0.0 0.0 0.0
-0.2404925042868222 1.6012686147694366 14.79362775441667 -0.8251201247408106 -0.5424884802028954 0.15774355325927508 -0.2424821850165583 0.592271664334031 0.7683857531062067 0.0 0.0 0.0 0.0 0.0 0.0
-0.5440427623855365 1.8143600316975814 15.083668408077012 -0.3911714324455559 -0.7950432360744089 0.46356354819034634 -0.23955045921871135 0.5743295165239518 0.7827906386368377 0.0 0.0 0.0 0.0 0.0 0.0
-1.1000344857947877 2.1854822141347734 15.273589751115285 0.24733156564305686 -0.8179101925677262 0.5194708976741423 -0.020832300784879115 0.53149525890803 0.8468050572606982 0.0 0.0 0.0 0.0 0.0 0.0
-1.342476960554121 2.21975522423104 15.712938776708144 0.7822127506078034 -0.48028697537899695 0.3968219173229588 -0.18359877886566597 0.43093521573531934 0.8835079672748798 0.0 0.0 0.0 0.0 0.0 0.0
-1.661419311689328 2.175905568955581 16.295420748930965 0.9741645708892357 -0.18430140530336925 0.1305234876464558 -0.061271202642810704 0.34028400433952627 0.9383243768107918 0.0 0.0 0.0 0.0 0.0 0.0
-1.5122955310323234 2.2423925804179388 16.78542693903107 0.9297711567196989 0.27528835252036676 -0.24442160112955508 0.1171595912498944 0.40814600791522354 0.905367586343262 0.0 0.0 0.0 0.0 0.0 0.0
-1.3610237144869686 2.211015887923613 17.260894576191593 0.6340059363056597 0.6801252472681715 -0.3680572248409104 0.25590496728961903 0.26453802273432003 0.9298022812643102 0.0 0.0 0.0 0.0 0.0 0.0
-0.9330388588870626 1.9555866987555761 17.71574900211317 0.11246590673666071 0.8941319351501673 -0.43345069196682284 0.18118156549462736 0.41048640950586934 0.8936857098196748 0.0 0.0 0.0 0.0 0.0 0.0
-0.4530512924502124 2.098273175521356 17.80319039182622 -0.44353989547751066 0.8941734424820189 -0.061042738140212605 0.40104834982502885 0.25885752593266803 0.8787223693355253 0.0 0.0 0.0 0.0 0.0 0.0
-0.21524272129607888 2.40523376966424 18.144264351960555 -0.7392351948600421 0.673021490289756 0.023945778091172813 0.48447462582819123 0.5069181646679113 0.7129644530117547 0.0 0.0 0.0 0.0 0.0 0.0
0.0733190009391876 2.7925936252641472 18.19336992251702 -0.8763566154516284 0.27627636624567026 0.39455094982556443 0.4809683738470425 0.46079834467892256 0.7458782131823508 0.0 0.0 0.0 0.0 0.0 0.0
0.28168290678563046 3.438468537215307 18.223504637238783 -0.6304547761852827 -0.4250906612207867 0.649480334519868 0.6071404539889286 0.2513185502770835 0.7538033267482592 0.0 0.0 0.0 0.0 0.0 0.0
0.14848253035317996 3.800252217315893 18.663607995213177 -0.2692685150584003 -0.78483742634567 0.5581439608249373 0.35736828394691805 0.4567108837215677 0.8146797397254333 0.0 0.0 0.0 0.0 0.0 0.0
-0.018378538048459046 2.7200046959380133 19.192696301570102 0.10068887476331347 0.8496633389118099 -0.5176233775711185 -0.5952445712571208 -0.36538002073426307 -0.7156684573440106 0.0 0.0 0.0 0.0 0.0 0.0
-0.5910278234327305 2.719083851843155 18.95563439187603 0.7033945504240696 0.4484230996124553 -0.551500525990392 -0.572698485006939 -0.10183005971705057 -0.8134169190573667 0.0 0.0 0.0 0.0 0.0 0.0
-1.0599832707208265 3.096883071143461 18.71289842099084 0.8782031517556488 -0.0968112650299873 -0.46838744988496284 -0.4604547888747074 0.09402694648213018 -0.8826892549122796 0.0 0.0 0.0 0.0 0.0 0.0
-1.0475023479690067 3.3973020368631137 18.265933170932136 0.6062849994889556 -0.7088870763255475 -0.3604131135423553 -0.38882643047637966 0.13099513222067824 -0.9119508113366005 0.0 0.0 0.0 0.0 0.0 0.0
-1.1109180558816623 3.1595327541676443 17.64726070282539 0.4501546264912393 -0.8847000650571145 0.12110576838644038 -0.11687235034825603 -0.1927936769332843 -0.9742543055376347 0.0 0.0 0.0 0.0 0.0 0.0
-0.900934051420521 3.1794472000469596 17.170847763559514 -0.24402214248489768 -0.916761253513894 0.31623092516816537 0.030339983426655972 -0.3331687299165603 -0.9423789486249448 0.0 0.0 0.0 0.0 0.0 0.0
-0.5378698940567923 3.001230904964176 16.66874070595601 -0.5301691877436457 -0.6994873050969858 0.4792057411753321 0.04129163538312134 -0.5858055558558997 -0.8093990681831477 0.0 0.0 0.0 0.0 0.0 0.0
-0.3111841590357674 2.446320447964025 16.468846720314197 -0.9129780956553274 -0.3132877800633211 0.26138432186450666 -0.027726588727223604 -0.5914537403959531 -0.8058620907135339 0.0 0.0 0.0 0.0 0.0 0.0
-0.33081709321436953 2.074935430852313 16.267879783986853 -0.9448833507588456 0.21822946904515803 -0.24407243248471336 -0.005158620028666174 -0.7553762830628119 -0.6552709818278317 0.0 0.0 0.0 0.0 0.0 0.0
-0.43338738553651085 1.4281264674806293 16.210469740549428 -0.752814404752457 0.5155547608364203 -0.4092355807797085 -0.13181519076029727 -0.7271975452538072 -0.6736530899963745 0.0 0.0 0.0 0.0 0.0 0.0
-0.6620942416060108 1.1509670697346792 15.908381515613994 -0.23548161968098044 0.7608705030370037 -0.6046689047740419 -0.08315362290185432 -0.6356274443073573 -0.7675045452905106 0.0 0.0 0.0 0.0 0.0 0.0
-1.1476945879314393 0.7994651033106362 15.560485882836346 0.3344246893495293 0.8251504883894683 -0.45528759994545526 -0.07577210619126554 -0.45801296822895954 -0.8857102849450478 0.0 0.0 0.0 0.0 0.0 0.0
-1.176555529467011 0.7286256554746812 15.043539171949599 0.8400109559702024 0.5035400005239022 -0.2020620244440187 -0.020619438362964718 -0.342525772174128 -0.9392821376764882 0.0 0.0 0.0 0.0 0.0 0.0
-1.1094270955623384 0.6883266807544807 14.447957266964078 0.8466393280366341 0.5271087827445712 -0.0731995858950938 -0.031444676990254376 -0.08787326932194921 -0.9956352348263147 0.0 0.0 0.0 0.0 0.0 0.0
-1.3590925099788682 1.127344300305236 13.942335348673398 0.9744583092748987 -0.22444444688066278 -0.007462824501436348 -0.04676710442540256 -0.1702594505251084 -0.9842888587455166 0.0 0.0 0.0 0.0 0.0 0.0
-1.2487424135698382 1.3671974499633575 13.460504315282432 0.8095811458038686 -0.5860874577210202 0.03286122732045259 0.02615163735710946 -0.019985408532642582 -0.9994581908760993 0.0 0.0 0.0 0.0 0.0 0.0
-0.7985662714252171 1.5532842216482743 13.05865886945292 0.23874888170729355 -0.9633890422016955 0.12198575674731951 0.10330635119577122 -0.09974403812057835 -0.9896357535285478 0.0 0.0 0.0 0.0 0.0 0.0
-0.46327563021622664 1.51825723779234 12.652884800102454 -0.25485584813907936 -0.9471675586883149 0.19473600703960278 0.32872281132039305 -0.2741353811318263 -0.9037649617734279 0.0 0.0 0.0 0.0 0.0 0.0
-0.23457384362526412 1.1698012052907567 12.23383032010644 -0.7813414546587217 -0.6148084114976531 0.10731331876111706 0.23304654720341067 -0.44684052355322984 -0.8637261448788289 0.0 0.0 0.0 0.0 0.0 0.0
0.004645065351804015 0.7180010957188697 12.051800109571886 -0.9714777650305978 0.10640678143020786 -0.21191637246050263 0.17432440632471033 -0.285463967754571 -0.9424018911660537 0.0 0.0 0.0 0.0 0.0 0.0
-0.05702007157747943 0.14972927205845735 11.68283919258326 -0.7138872250544395 0.6856902669107773 -0.14210519965117063 0.0899957402549079 -0.11139533846181662 -0.9896928035026569 0.0 0.0 0.0 0.0 0.0 0.0
-0.24479924864991784 0.15289974172340923 11.200696564138685 -0.061914901805575254 0.9945866255260819 -0.08345051982490645 0.15454067895123713 -0.07306143014623108 -0.9852812826671773 0.0 0.0 0.0 0.0 0.0 0.0
-0.5460678856539093 0.19238671049542144 10.68471178680441 0.24599489570221636 0.9636614203319868 0.10413058269400831 0.018749394467986583 0.1027298779944403 -0.9945325697906184 0.0 0.0 0.0 0.0 0.0 0.0
-0.7444015613993895 0.358479836816154 10.225203246067151 0.7422677254432472 0.6568098670507343 0.13281348692849354 0.14448654754834533 0.03677181960137065 -0.9888232758490083 0.0 0.0 0.0 0.0 0.0 0.0
-0.9404718706197928 0.7062726347769782 9.750667036649661 0.9711427842856506 -0.017735210401217935 0.23783850580160198 0.23818452527326997 0.1243571804808733 -0.9632255310067287 0.0 0.0 0.0 0.0 0.0 0.0
-0.7441379040463334 0.9132855912968613 9.407521327385147 0.743119130577888 -0.6677484387540017 0.04342787481280889 0.20800202142308308 0.16880511318718122 -0.9634521227574177 0.0 0.0 0.0 0.0 0.0 0.0
-0.44159818423730135 1.1549229083509434 9.0606441261642 0.27567978693059114 -0.9580590511949841 0.07825285618602588 0.40494540087438746 0.04190829285477733 -0.9133799413719791 0.0 0.0 0.0 0.0 0.0 0.0
0.1041288679231858 1.2632678036528706 8.763036564280986 -0.24215961866559035 -0.9690118896487382 0.04873065572221899 0.4193253425425296 -0.1498827176331057 -0.8953778130244823 0.0 0.0 0.0 0.0 0.0 0.0
0.3829341786021757 0.9510996321515223 8.437101823589263 -0.7594974716720873 -0.6177533179699967 -0.20382450456401788 0.4481724324156067 -0.2697906892458308 -0.8522643104219125 0.0 0.0 0.0 0.0 0.0 0.0
0.7610824137121388 0.5449714330437503 8.24106206464741 -0.8753197691408117 -0.03266520360541876 -0.4824399301723404 0.45074020041996055 -0.4162990388056486 -0.7896381335870671 0.0 0.0 0.0 0.0 0.0 0.0
0.9236946759802771 0.12590250058699226 7.917201074195822 -0.7432049654323047 0.5028470012639367 -0.44135164288425743 0.25929966039152585 -0.391669819726451 -0.8828127992028032 0.0 0.0 0.0 0.0 0.0 0.0
0.7712821378257807 -0.4771513266024887 7.504508834233388 -0.3581230422259123 0.8794532000495711 -0.31354418436550013 0.060919092180486384 -0.3131412566949393 -0.9477507148841511 0.0 0.0 0.0 0.0 0.0 0.0
0.42209879079596146 -0.5702372916177506 7.007638236675274 0.1313211232753466 0.9811777108356846 -0.14158058603123155 -0.10286648477142649 -0.1286052659376516 -0.9863463752069431 0.0 0.0 0.0 0.0 0.0 0.0
0.37020427330359235 -0.43673788839320643 6.53262894263129 0.7158371504722232 0.6908932136670992 -0.10121136948266078 0.010576090531711359 -0.15564697636333266 -0.9877561263075098 0.0 0.0 0.0 0.0 0.0 0.0
0.1381963195585818 -0.2831393813101667 6.052099231040151 0.9553543165385271 0.28918244978397495 0.06059406413290374 0.06768594493867387 -0.014387161094123291 -0.9976029382742467 0.0 0.0 0.0 0.0 0.0 0.0
0.11321835400257571 0.22286494909176288 5.613218354002576 0.8742657628225822 -0.4776531015164812 0.08664231395764138 0.0767602369932763 -0.04030178897657871 -0.9962347272716523 0.0 0.0 0.0 0.0 0.0 0.0
0.44156047443204055 0.43681473101524754 5.107818025286915 0.4568607738886098 -0.8728337220797919 0.1715795060088385 0.34419895956216984 -0.004413813732981578 -0.9388863586636299 0.0 0.0 0.0 0.0 0.0 0.0
0.7874814119120294 0.2142639117163653 4.762702512326838 -0.2277690485241148 -0.9729992214729923 0.037333303461794455 0.3571984113252948 -0.1191649714696034 -0.926395706229975 0.0 0.0 0.0 0.0 0.0 0.0
1.3103354660718476 0.062371595444940114 4.511108828363466 -0.6377754873158505 -0.7702178962056588 -0.002611540456981347 0.3984515368404244 -0.32699677256748955 -0.8569185979542919 0.0 0.0 0.0 0.0 0.0 0.0
1.4243623796665883 -0.2658157724818032 4.0696906550833525 -0.9637037936416706 -0.24092594841041765 0.11502036994894943 -0.00012764002671624 -0.4306480171802891 -0.9025199549077623 0.0 0.0 0.0 0.0 0.0 0.0
1.4052924688894104 -0.7631706386475697 3.813934462315097 -0.8888613387780019 0.4466074726676409 -0.10230975409608022 -0.0867391256635504 -0.3830102565621751 -0.9196626922123675 0.0 0.0 0.0 0.0 0.0 0.0
1.2353875616341867 -1.2753323843625268 3.3840763676919456 -0.5694149863605035 0.8212034670636413 0.0373019971412048 -0.2501387219367453 -0.12979810046667592 -0.9594702042810367 0.0 0.0 0.0 0.0 0.0 0.0
0.902606245597558 -1.1735031697581593 3.028985677389058 0.14227678903126395 0.9821225008286752 -0.12325870626037654 -0.07271190925888758 -0.11378886902793044 -0.9908405883578204 0.0 0.0 0.0 0.0 0.0 0.0
0.3597800024191196 -1.1544180950144796 2.583737112851928 0.7015864630501102 0.7120411841599579 -0.02781702581012961 0.021610823709482516 -0.06040396517206708 -0.9979400449376151 0.0 0.0 0.0 0.0 0.0 0.0
0.17005899272129613 -0.8555412068560693 2.1268123385771305 0.9723604269635503 0.23297106719307017 0.015481664192974599 0.03188742768214289 -0.06647145104413775 -0.9972786662472545 0.0 0.0 0.0 0.0 0.0 0.0
0.2949333674856099 -0.600638932172156 1.660654442997716 0.9005462931710407 -0.38408122020585356 0.20371055481020242 0.15563056811997922 -0.15272654323104826 -0.9759373592907217 0.0 0.0 0.0 0.0 0.0 0.0
0.6528821319558582 -0.2757506163418644 1.2241833470298191 0.4993982515065757 -0.8273557136464933 0.2570679083212777 0.17696408481059914 -0.192995038423072 -0.9651096454969373 0.0 0.0 0.0 0.0 0.0 0.0
1.1002509391876023 -0.222360002347969 0.9070020838224935 -0.1895407431802139 -0.9560987291324757 0.22349390780501588 0.27890105776475377 -0.2706738470225335 -0.9213847559601382 0.0 0.0 0.0 0.0 0.0 0.0
1.533942382263584 -0.5098507972422035 0.7095277736273276 -0.6937234444014834 -0.7202399259909884 0.001493886286732505 0.28516440948323457 -0.2764842040202162 -0.9177351167365154 0.0 0.0 0.0 0.0 0.0 0.0
1.6353457384362524 -0.8820035513031229 0.426827747123738 -0.9644731866386664 -0.09198418089273959 -0.24764971778814515 0.2574747074711031 -0.11812989609911889 -0.9590370705349618 0.0 0.0 0.0 0.0 0.0 0.0
2.31967598027706 0.2704824720556113 0.9577116551758488 0.5782780214909936 0.5737966935879311 0.5799585194546417 -0.17078194474695102 0.7802869108553018 -0.6016526108115379 0.0 0.0 0.0 0.0 0.0 0.0
2.9349338655396413 -0.8843507865696172 0.7660170619081161 -0.3832952460643717 -0.7762805404843037 -0.5004730530306802 0.8503716977213556 -0.08508230580660008 -0.5192581024434105 0.0 0.0 0.0 0.0 0.0 0.0
3.482212356009022 -1.2290799519022106 0.8761375198332227 -0.5803807292568316 -0.2816965327914306 -0.7640715100830515 0.8083331416882528 -0.0855143064542033 -0.5824816181134437 0.0 0.0 0.0 0.0 0.0 0.0
3.7658761837677077 -1.4098575565469196 0.48678093449166476 -0.6233896180884523 0.22861208216600137 -0.7477445419040243 0.6395144870733783 -0.40130179287614554 -0.6557271474154971 0.0 0.0 0.0 0.0 0.0 0.0
3.9513863689726567 -1.9909033988630136 0.17640718051612622 -0.47483679218310687 0.6471821949298661 -0.5963935171973432 0.5426521591698574 -0.3183020516462385 -0.7773110304544039 0.0 0.0 0.0 0.0 0.0 0.0
4.172697033732488 -2.0611058934022073 -0.29497925960710647 -0.13458484568202225 0.9593207800214549 -0.24817445543764902 0.4888075585411013 -0.15359442190362987 -0.8587641843213872 0.0 0.0 0.0 0.0 0.0 0.0
4.495916735149096 -1.9840888412772952 -0.8407636769194646 -0.5185123074754918 0.8530597864764748 -0.05860023628921772 0.43811186274939884 0.20622897149699837 -0.8749443451063285 0.0 0.0 0.0 0.0 0.0 0.0
5.30157093801362 -1.8522026884245126 0.10680690889880255 0.657167293668471 -0.487160183186042 0.575157460223372 0.2901997914989061 0.8677495432476322 0.4034783900130429 0.0 0.0 0.0 0.0 0.0 0.0
4.9052007513500815 -1.4187676097675512 -0.873470151444001 -0.5710800825537812 -0.7677290055170264 0.29061953375195576 -0.5537056928315245 0.6215868367956997 0.5541117306539157 0.0 0.0 0.0 0.0 0.0 0.0
4.419743484386007 -1.072412831650622 -0.631746742193003 -0.2643547412910614 -0.9532737204826645 0.14623879305463036 -0.6920052475594253 0.2929606883214327 0.6597747891882888 0.0 0.0 0.0 0.0 0.0 0.0
3.8643336392808085 -0.8306616292058882 -0.5351661721701637 0.06403126474328366 -0.9841773403107928 0.16521186384200529 -0.8546684479957951 0.03136931742409886 0.5182256361130785 0.0 0.0 0.0 0.0 0.0 0.0
3.4446192376927294 -1.0067112780777958 -0.3449244736636143 0.30939226043991486 -0.8544179535698595 0.4174283049786794 -0.8290109801050767 -0.02737746660594102 0.5585617863651798 0.0 0.0 0.0 0.0 0.0 0.0
2.8633161860445258 -1.3105117860929083 -0.42931901783744925 0.6109206754096259 -0.21751912801106793 0.7612235921898054 -0.7857986426259199 -0.04962352641710397 0.6164884418001627 0.0 0.0 0.0 0.0 0.0 0.0
2.598661657666119 -1.4572356578226502 -0.047601158331376694 0.605584460339906 0.28350324365542234 0.7435680010810571 -0.69509040283773 -0.2665881588438234 0.6676676459490473 0.0 0.0 0.0 0.0 0.0 0.0
2.4582168242651923 -1.9879542074893093 0.24422435199612946 0.37447540919290423 0.7530577271606044 0.5409918922437857 -0.5153083976565817 -0.31604724855322297 0.7965998945433921 0.0 0.0 0.0 0.0 0.0 0.0
2.207380449244736 -1.8855443374814116 -0.8643891367300619 0.8632489521764377 0.420497358617338 -0.2792547545917958 -0.185860773571508 -0.24966001331843582 -0.9503292327384437 0.0 0.0 0.0 0.0 0.0 0.0
2.0672509685372145 -1.7935181380605776 -1.321572698990373 0.8729756070633337 -0.48166048145327334 0.07692054393076739 -0.09995642630529623 -0.3312159634500721 -0.9382455426998385 0.0 0.0 0.0 0.0 0.0 0.0
0.7698599045159269 -1.7585113876496834 -0.6459582915323699 0.22925481338642506 0.9534237230981052 0.1960240668206404 -0.3117755366323686 0.2626888732950277 -0.9131213339992595 0.0 0.0 0.0 0.0 0.0 0.0
0.43283708030054 -1.480486176332472 -0.85332164240432 0.6978936207218766 0.7044244682253828 -0.1293470630555493 -0.38660912529184255 0.2185532706084617 -0.8959731313758359 0.0 0.0 0.0 0.0 0.0 0.0
0.04535849217699417 -1.0787281123040693 -0.9091407144940838 0.8401123376245689 0.2813442872889391 -0.46374201036876206 -0.5407686471639022 0.3682639858604616 -0.756274359583008 0.0 0.0 0.0 0.0 0.0 0.0
-0.05943100884401657 -0.7348360334976911 -1.247178523910151 0.735646739528647 -0.3524787012525646 -0.5784311884608025 -0.41390579744357553 0.4421274533727321 -0.7957419844501988 0.0 0.0 0.0 0.0 0.0 0.0
-0.04004387767081475 -0.10324459967128433 -1.5923448872974875 0.5348729890571089 -0.7632247639458083 -0.36248978644505175 -0.2246517087886572 0.2851619741291022 -0.9317801555351615 0.0 0.0 0.0 0.0 0.0 0.0
0.009567973702747097 0.12495597558112233 -2.112973996243249 0.22739967402882633 -0.9398191614087178 -0.2550084941734255 -0.07467007601573628 0.24428035886418523 -0.9668254682314636 0.0 0.0 0.0 0.0 0.0 0.0
-0.03329811379823121 0.04999217343664397 -2.62941613837364 -0.3321704116415142 -0.9432132272219333 0.0034096368563962193 -0.0553648507470492 0.0158851602125029 -0.9983398193935671 0.0 0.0 0.0 0.0 0.0 0.0
0.23256633012444236 -0.0701807936135243 -2.9991742975659386 -0.9112712992689436 -0.40798102486474475 0.05600091498363305 -0.13536747398512966 0.1682482012044553 -0.9764057505864815 0.0 0.0 0.0 0.0 0.0 0.0
0.39971604249823905 -0.45269209321436943 -3.5073190596384127 -0.9681793812107683 0.08448955108620262 0.23556358282974416 -0.24552628768682566 -0.13937463464686248 -0.9593182752724873 0.0 0.0 0.0 0.0 0.0 0.0
0.04716287078343902 -0.599714330437505 -3.882448931674102 -0.6941768720017281 0.7072779349945219 0.13370262917303208 -0.2876920266825881 -0.10234575320518254 -0.9522387539814419 0.0 0.0 0.0 0.0 0.0 0.0
-0.3169684785160837 -0.9913125146748065 -4.288257220004696 -0.36800410208346096 0.9243934769009795 0.10034779874349013 -0.23241438977734308 0.013085841072066761 -0.9725288233198345 0.0 0.0 0.0 0.0 0.0 0.0
-0.5688835407372622 -0.815401942944353 -4.667725698520781 0.17346575635142666 0.9840008333617013 -0.04064469604886922 -0.44210265727370285 0.04095337792835059 -0.8960290515757782 0.0 0.0 0.0 0.0 0.0 0.0
-0.9646356734757767 -0.7365422243093055 -5.048826015496595 0.7134428771603192 0.6924487079883478 -0.1073035313234067 -0.2719672744339547 0.13246898656179615 -0.9531451984017213 0.0 0.0 0.0 0.0 0.0 0.0
-1.2080263853017137 -0.45217847499413 -5.484822581591923 0.9525803245436876 0.2761049807570925 -0.1278935686161299 -0.22577054580287234 0.35976185859374477 -0.9053171078406987 0.0 0.0 0.0 0.0 0.0 0.0
-1.3542534926038976 0.15538785513031228 -5.715881075369806 0.8693374229711858 -0.414991582516818 -0.26839230887267335 -0.10244386315084057 0.3798718159858709 -0.9193490405294 0.0 0.0 0.0 0.0 0.0 0.0
-1.284237301400955 0.2779251780543163 -6.218584174688894 0.5170706681832474 -0.8194879107687284 -0.24713860121080747 0.04619617092197621 0.3150593756655781 -0.947946994086359 0.0 0.0 0.0 0.0 0.0 0.0
-1.0392423886671363 0.4375205447288096 -6.76760585426939 0.0653251834835647 -0.9933376114877194 -0.09493687379891597 0.15733532019950922 0.10410553551616224 -0.9820425828306077 0.0 0.0 0.0 0.0 0.0 0.0
-0.6556077326445959 0.4605932535023871 -7.2414768725052845 -0.5468891725836893 -0.8370203379602725 -0.01758370699251874 0.20168390890383103 -0.11129160786693458 -0.9731072802664994 0.0 0.0 0.0 0.0 0.0 0.0
-0.15145467352558217 0.252218119205675 -7.565853415583399 -0.9187390704344257 -0.3776893191401835 -0.1151924418732056 0.13667281512073493 -0.030638192172170526 -0.9901423346102289 0.0 0.0 0.0 0.0 0.0 0.0
-0.16247945527119043 0.05981842373014008 -7.983665962275963 -0.9747345944603315 0.1717269894879487 -0.14283666001296325 0.12156897796824484 -0.1286428857250235 -0.9842113551204817 0.0 0.0 0.0 0.0 0.0 0.0
-0.12961856176225747 -0.3849601912527483 -8.4637132062584 -0.8575573256893542 0.514310295067178 0.008964013857377693 -0.07964906551473314 -0.1154856433551573 -0.9901106466155564 0.0 0.0 0.0 0.0 0.0 0.0
-0.42235926860765427 -0.5443105776003757 -8.799949371918292 -0.2641781954943968 0.9496625516604903 -0.16837731141401077 -0.15297542619142598 -0.21361373764804956 -0.9648666695816484 0.0 0.0 0.0 0.0 0.0 0.0
-0.9640944177036864 -0.6925518020662127 -9.213591805588166 0.3271829849985056 0.9434957457938666 -0.05260296566110194 -0.126416658956623 -0.011478370486195993 -0.9919108202601816 0.0 0.0 0.0 0.0 0.0 0.0
-1.2075391150291361 -0.42092324987370766 -9.604619806897336 0.7013809812329603 0.7090371634029687 -0.07301383484081238 -0.11720944377592808 0.013723090332524761 -0.9930123982516346 0.0 0.0 0.0 0.0 0.0 0.0
-1.2690381153635437 -0.10320889097597244 -9.941547311575487 0.9794957461559428 -0.016151450559551993 -0.2008163686237632 -0.20146565379231546 -0.0887445101367611 -0.9754670687740418 0.0 0.0 0.0 0.0 0.0 0.0
-1.3608791676449872 0.4270331944118338 -10.416603075839399 0.8166307708991396 -0.5757648067157288 -0.040113231835345264 -0.004839921325147268 0.0625592679221987 -0.9980295151740779 0.0 0.0 0.0 0.0 0.0 0.0
-1.019345063395163 0.42717994247475916 -10.970199137121389 0.44814122633580783 -0.8821306244715373 0.14496552220336315 0.06614678540958804 -0.12902013523197386 -0.9894333769813413 0.0 0.0 0.0 0.0 0.0 0.0
-0.751052917351491 0.49943135125616334 -11.466420374501055 -0.027944115456800846 -0.9787698621687262 0.20304847529974127 0.28999437386636645 -0.20239354419584452 -0.9353823370118225 0.0 0.0 0.0 0.0 0.0 0.0
-0.4532754167644988 0.4115559207951789 -11.844701416607966 -0.5855165222945075 -0.8012048029558616 0.12345552170966062 0.2436433225516802 -0.31922801101562787 -0.9158228040177773 0.0 0.0 0.0 0.0 0.0 0.0
-0.16124285826093757 0.19024027549503011 -12.122877044689675 -0.9661302880229374 -0.254093701307667 -0.04504062078264523 0.09712627449207975 -0.1959899708558891 -0.9757840017786708 0.0 0.0 0.0 0.0 0.0 0.0
-0.15345811810284107 -0.1871441359474055 -12.550316242075604 -0.9747207206020415 0.22136248680835646 0.030301258440157974 -0.12841189528758953 -0.4439523984565923 -0.8868013605386995 0.0 0.0 0.0 0.0 0.0 0.0
-0.33987585113876484 -0.8519678915238317 -12.62268138060578 -0.6346729935653032 0.6781284174561983 -0.37058337884639203 0.03891605045233022 -0.4508367611205582 -0.8917576777575376 0.0 0.0 0.0 0.0 0.0 0.0
-0.5230609689285434 -0.9677349925647646 -13.064271738279722 0.021892811202079348 0.9155501865000732 -0.4016074710676475 0.08935894875250204 -0.4018185182960668 -0.911348921452262 0.0 0.0 0.0 0.0 0.0 0.0
-0.6900915707912656 -1.1117672380057915 -13.552414494795334 0.5135742827387662 0.853265448785057 -0.09044075419299366 0.14505698254808785 -0.19024120813132395 -0.97096176780694 0.0 0.0 0.0 0.0 0.0 0.0
-0.9225243601784455 -1.0596420814745244 -14.063219065508333 0.8508857266679356 0.5246826271905478 -0.026488127098831398 0.08936197232396062 -0.19424103553583683 -0.976875047289231 0.0 0.0 0.0 0.0 0.0 0.0
-1.055944274868905 -0.8733427252093605 -14.505165531814978 0.9956176511045634 -0.09243610786350293 0.014179519458672086 0.013997083055987805 -0.0027093759126109946 -0.9998983653092387 0.0 0.0 0.0 0.0 0.0 0.0
-1.0222509196211944 -0.637121389997652 -14.968830711434608 0.7871238593403834 -0.6103932914237484 0.08863441680286055 0.11292868234948601 0.001412418470993697 -0.9936020922768186 0.0 0.0 0.0 0.0 0.0 0.0
-0.6994670821860305 -0.1911068895102706 -15.357303962375576 0.22495445724872987 -0.9718779289932683 0.06963320543882202 0.03459915393473891 -0.06339805290243442 -0.997388382444462 0.0 0.0 0.0 0.0 0.0 0.0
-0.5190968145887142 -0.35854660718478515 -15.779240040698129 -0.3007870274575276 -0.9483046856119187 0.10121950088666076 0.19579165190229528 -0.16527911784456378 -0.9666170090836874 0.0 0.0 0.0 0.0 0.0 0.0
0.19238671049542147 -0.5595026708147451 -16.01957986029584 -0.7717325476466812 -0.6232435198664641 -0.12647683521982736 0.27528320341337686 -0.1480883636147456 -0.9498889379713695 0.0 0.0 0.0 0.0 0.0 0.0
0.18956914768725047 -0.8483468830711435 -16.427000176097675 -0.9872230226202265 -0.09814179625827692 -0.1255344233100338 0.15343062757286458 -0.3748436340259343 -0.9143037200803835 0.0 0.0 0.0 0.0 0.0 0.0
0.2102097518979416 -1.201815762698599 -16.812138999765203 -0.8701620788652158 0.466299225354783 -0.1593203971200652 -0.029193557689892125 -0.37169669442782816 -0.9278950929608545 0.0 0.0 0.0 0.0 0.0 0.0
0.04406477459497537 -1.5387561634186426 -17.20487130194881 -0.31492927968049106 0.9404339780320654 -0.12807607802674148 -0.07482796382518889 -0.15912162236294786 -0.984419161295817 0.0 0.0 0.0 0.0 0.0 0.0
-0.2763266024888472 -1.6804707677858652 -17.651337608593565 0.31169863987317586 0.9474332348182333 -0.07220958013359884 -0.058558274744532304 -0.05657169543815992 -0.9966797739164751 0.0 0.0 0.0 0.0 0.0 0.0
-0.7491088390360521 -1.6465274961400813 -18.048926693561576 0.7885552935584604 0.6126568596176438 -0.053217679058532086 -0.1166288124093792 0.0640769499984664 -0.9911063840955077 0.0 0.0 0.0 0.0 0.0 0.0
-0.7157086463958675 -1.407776179854426 -18.493242251702277 0.9876443593479015 0.15550454087105509 0.0194153860830889 -0.018216099449966203 0.2370650837236168 -0.9713229739895703 0.0 0.0 0.0 0.0 0.0 0.0
-0.6458272188307114 -1.0902720709086637 -18.868062485325193 0.8954685117192951 -0.44501301848610825 0.009977870369639767 0.12361990562974579 0.2269110211277812 -0.9660380465710656 0.0 0.0 0.0 0.0 0.0 0.0
-0.40715205589589243 -0.5350274285470339 -19.103552548257873 0.480817018619513 -0.8641635581247015 -0.14844641934077937 0.27917179185095464 0.3113900106374406 -0.9083498070181674 0.0 0.0 0.0 0.0 0.0 0.0
-0.024771073021836114 -0.43944512190503604 -19.536257185921276 -0.10848409533694883 -0.9879334740581693 -0.11053801108342866 0.43617514354098014 0.05261282941696517 -0.8983223999977662 0.0 0.0 0.0 0.0 0.0 0.0
-0.14867945678600913 -1.676449870861704 -19.66214619515409 -0.04180572982503277 0.9828832102211567 0.17942373315464707 -0.02599751957333046 -0.180603070244634 0.9832124185516811 0.0 0.0 0.0 0.0 0.0 0.0
0.13077796039758932 -1.743370900837442 -19.157415668779837 -0.46515152941990856 0.8841827104366861 0.04306958605739548 -0.07626349701795199 -0.08849013974592604 0.9931532480893063 0.0 0.0 0.0 0.0 0.0 0.0
0.5573418055881664 -1.6023971296078885 -18.726076397041556 -0.8047272159378642 0.5911405997466599 -0.054469250591992965 0.001840586725775645 0.0942119473424968 0.9955504614123984 0.0 0.0 0.0 0.0 0.0 0.0
0.6088540443766142 -1.1326859297957266 -18.4037369394224 -0.9983997037755404 -0.04719639855291668 0.03115335398552258 0.019827980466200913 0.22441594109736404 0.9742917102038878 0.0 0.0 0.0 0.0 0.0 0.0
0.3489199342568677 -0.9600923534476012 -17.96570399937388 -0.8096489657884763 -0.5855240636896718 0.04037478220354667 -0.14478838722249754 0.2660913582321031 0.953011915979912 0.0 0.0 0.0 0.0 0.0 0.0
-0.05668143930500116 -0.4040707912655554 -17.726747769429437 -0.3410336061982045 -0.9285143643591157 0.14682354927679397 -0.2298559332819644 0.233788745589595 0.9447269829801205 0.0 0.0 0.0 0.0 0.0 0.0
-0.5399961845503639 -0.36118000117398447 -17.305467099084293 0.21389307234681038 -0.9670875965044101 0.13780905009964053 -0.2885839373399454 0.07222161606385215 0.9547268453764669 0.0 0.0 0.0 0.0 0.0 0.0
-0.9237977331426499 -0.7502045579058961 -16.930766932058315 0.818732621824978 -0.5241009052366503 0.2345104157382378 -0.25874124785611535 0.027799267380242562 0.9655465640718639 0.0 0.0 0.0 0.0 0.0 0.0
-1.0910461669405962 -1.1367471824371915 -16.454287978398682 0.9922401150013149 0.06974211670935752 0.10293488883306644 -0.10212147160742026 -0.015560353426129178 0.9946502302005408 0.0 0.0 0.0 0.0 0.0 0.0
-1.009113054707678 -1.1770992310401505 -15.975405024653677 0.857049014828762 0.4919457715860199 -0.1531546408036142 0.13262000911445787 0.07665725460209653 0.9881981575065553 0.0 0.0 0.0 0.0 0.0 0.0
-0.7434416956605263 -1.5685037745380548 -15.559858979558435 0.360536970433927 0.9296289879805912 -0.07617767164010228 0.12377351344003952 0.0332634842828208 0.9917528210114025 0.0 0.0 0.0 0.0 0.0 0.0
-0.6024927604288958 -1.4261485481724974 -15.057850043046097 -0.10894001161893596 0.9592823098899724 -0.2605945582713211 0.296498144904454 0.28161426294874053 0.9125690423042275 0.0 0.0 0.0 0.0 0.0 0.0
-0.033280681907120066 -1.3225931538915807 -14.775313596163562 -0.7571705860692846 0.6481499691401765 -0.08120542528109971 0.2302723106308473 0.3812045651161789 0.8953534176465265 0.0 0.0 0.0 0.0 0.0 0.0
0.19968409144272017 -0.7996897834887974 -14.492216126989547 -0.9941252234816087 -0.04387219296116009 0.09894579689112747 0.07801558146772382 0.3431572767008471 0.9360323992766015 0.0 0.0 0.0 0.0 0.0 0.0
0.08333822493543085 -0.20737335642169524 -14.118212902089693 -0.8480055563826936 -0.5217491291690265 0.0930828800340898 -0.13821769687012586 0.3872124548693569 0.9115713812236342 0.0 0.0 0.0 0.0 0.0 0.0
-0.2102677396173522 0.06495691832625385 -13.654699139789535 -0.44044006693364435 -0.8958166346535078 0.05937259062522432 -0.377021654733692 0.24458378995077817 0.8933271749785643 0.0 0.0 0.0 0.0 0.0 0.0
-0.7410581513657354 0.21959913765501926 -13.458031832767688 0.032489826663780766 -0.9588233328650173 0.28213866717799874 -0.3292849761086321 0.2561746919923635 0.9088156753114216 0.0 0.0 0.0 0.0 0.0 0.0
-1.0205447288095795 0.19321583705095094 -13.043165942709551 0.70176586166229 -0.6531429943082327 0.2844800597431384 -0.11917201817247175 0.28601257176532613 0.9507864317904859 0.0 0.0 0.0 0.0 0.0 0.0
-1.4227481509744073 0.07243117515848789 -12.423181057760038 0.9290458127468417 -0.3696785386196026 0.014548398593503957 -0.00912572532935164 0.01640513457733956 0.9998237808217568 0.0 0.0 0.0 0.0 0.0 0.0
-1.4091407144940837 -0.2509978868278938 -12.00128071036735 0.9817780420747275 0.18914818497940264 -0.018298639810445477 0.02000801891164953 -0.00717728408412429 0.9997740573611654 0.0 0.0 0.0 0.0 0.0 0.0
-1.1815086768127385 -0.5990558318569588 -11.600919976947214 0.6542200913714314 0.7533613209713831 -0.0666542730078769 0.16669392197471306 -0.057815829530725504 0.9843121792563386 0.0 0.0 0.0 0.0 0.0 0.0
-0.7376511505048134 -0.7652984855599907 -11.28772525827659 0.10074043049827866 0.9949050293468891 0.00391768340826389 0.14923053217691845 -0.01902527115622944 0.9886193844567411 0.0 0.0 0.0 0.0 0.0 0.0
-0.40383599436487433 -0.6619841805588167 -10.771678357595682 -0.3452860018981821 0.9384839954347669 -0.005036586737574968 0.055830989594770064 0.025870357009627094 0.9981050171345014 0.0 0.0 0.0 0.0 0.0 0.0
-0.3549028527823432 -0.41416705799483444 -10.335110207795259 -0.8391310459567466 0.5419425803833087 -0.0464470373545763 0.0261980257001491 0.1254338049377343 0.9917560304975498 0.0 0.0 0.0 0.0 0.0 0.0
0.032868008566529355 0.0019779860117967686 -10.061534575622389 -0.990157144361847 0.03324179021056371 0.1359551869285966 0.1397997037105002 0.2871012001503448 0.9476438907705194 0.0 0.0 0.0 0.0 0.0 0.0
-0.1396454566799718 0.17018470689520235 -9.446164983955546 -0.8829001851362623 -0.4482692403395089 -0.13979252931324088 -0.23018945163746143 0.15371003635539562 0.9609297794732287 0.0 0.0 0.0 0.0 0.0 0.0
-0.40520075135008216 0.5061854308523128 -9.173247094388355 -0.26722911604148886 -0.9553486253051465 0.12608569969370617 -0.16127170831004062 0.17330794007867847 0.9715738747025088 0.0 0.0 0.0 0.0 0.0 0.0
-0.9793048544259213 0.6365123855365109 -8.846252054472883 0.3586541425147208 -0.9295539502305606 0.08542048740080163 -0.30117312349316516 -0.02856087262517805 0.9531416611607422 0.0 0.0 0.0 0.0 0.0 0.0
-1.1152187524458008 0.4271503482820693 -8.322524849338656 0.7924387355328872 -0.6099409560861148 -0.0035889435486083756 -0.17525035497234892 -0.23332810254375774 0.9564754621240397 0.0 0.0 0.0 0.0 0.0 0.0
-1.4587255508833343 -0.005546187396386968 -8.032889353739318 0.9933998797309149 -0.06740927755316928 0.09280446244854602 -0.11167502779458405 -0.3811705434592268 0.9177350952023554 0.0 0.0 0.0 0.0 0.0 0.0
-1.3312475541989508 -0.24182906785630426 -7.61176723800579 0.8146222577424228 0.5680280779367192 0.11719505051901452 -0.011155517448398452 -0.18659202843209505 0.9823741493728623 0.0 0.0 0.0 0.0 0.0 0.0
-1.1403800863767992 -0.717774125381545 -7.207005485709406 0.4113583456684746 0.9078639476350995 0.0810392746346423 0.08587458217722549 -0.12708540044769753 0.988167423632724 0.0 0.0 0.0 0.0 0.0 0.0
-0.8071641514938064 -0.8323194376258477 -6.808121126740522 -0.06758178611469418 0.994311029963707 0.08233029744911571 0.23309285507400646 -0.06451384369301884 0.9703121584755088 0.0 0.0 0.0 0.0 0.0 0.0
-0.393996314400165 -0.6294228976783565 -6.4291945043295105 -0.6879633870064422 0.6756383100405287 0.2649891547671388 0.1727647600122288 -0.20214790283605905 0.9639961426670234 0.0 0.0 0.0 0.0 0.0 0.0
-0.23414387180089216 -0.42742941418173275 -6.046064216952336 -0.9568415105125668 0.18396611521800205 0.224968424921423 0.17611384408765454 -0.24862637928071796 0.9524541130397989 0.0 0.0 0.0 0.0 0.0 0.0
0.016887033341159895 0.008973644047898563 -5.567896660014085 -0.9764646094178075 -0.16728203870278333 0.13613811399446205 0.09280079371118391 0.24440643053617342 0.9652220000596448 0.0 0.0 0.0 0.0 0.0 0.0
-0.07753278262787533 0.21274377966089636 -4.988989448369584 -0.746001308361673 -0.6649791442403102 0.03584390670806708 0.08700217915222114 -0.043838553993306786 0.9952430868921124 0.0 0.0 0.0 0.0 0.0 0.0
-0.44934990608123976 0.44428709791030757 -4.532746830241842 -0.23351650108969962 -0.9719285041361223 -0.028723275693141294 -0.049600225883754595 -0.017629772611458646 0.9986135432237783 0.0 0.0 0.0 0.0 0.0 0.0
-0.6049395397980746 0.2693854191124677 -4.061872652030992 0.4058337718468937 -0.9005627373482253 -0.155838717039107 0.022369171418081348 -0.16069597948314027 0.9867504356969004 0.0 0.0 0.0 0.0 0.0 0.0
-0.9432253979095959 0.1420805851423367 -3.5091890968857395 0.6916446786618633 -0.653925395430304 -0.30660922310010247 0.19815672269071105 -0.23647570750526536 0.951216669856222 0.0 0.0 0.0 0.0 0.0 0.0
-0.7948682202394926 -0.1754666588401033 -3.1419750821789156 0.9872216653106632 -0.10451014137455282 -0.12029552731133367 0.0644804030929203 -0.428621126118555 0.9011804524410393 0.0 0.0 0.0 0.0 0.0 0.0
-0.8177122243804564 -0.7816851302411293 -2.9229154660006973 0.8598954615609448 0.5076108901398628 0.0539534929203468 0.256854841378293 -0.5215927974687287 0.8136132644501795 0.0 0.0 0.0 0.0 0.0 0.0
-0.4679608956434502 -1.1216674848982902 -2.4983493066376377 0.5697008565192683 0.8171127329165249 -0.08813464578075822 0.46193586197846775 -0.2296713788095523 0.8566599775721573 0.0 0.0 0.0 0.0 0.0 0.0
-0.023465015261798547 -1.1875917175393287 -2.237757542850434 0.04517772097260916 0.9833865368335006 0.17581209486930996 0.4755326612462124 -0.17601574670331838 0.8619090120195799 0.0 0.0 0.0 0.0 0.0 0.0
0.4258885595210143 -1.2406448109884949 -2.0358065273538384 -0.5018116469194553 0.7478190920469976 0.4346857216265428 0.5096050298186949 -0.15037276895264448 0.8471663024111628 0.0 0.0 0.0 0.0 0.0 0.0
1.017517271802315 -1.0398443225397913 -1.8507296491565097 -0.7525380028360298 0.3593737671692774 0.5518487562350046 0.5892671639176289 -0.006598499856379053 0.8079113004087265 0.0 0.0 0.0 0.0 0.0 0.0
1.1963528214760897 -0.9211747671597398 -1.3825585035610861 -0.9081197487333472 -0.2542591748577659 0.33267220196633546 0.36866056225391924 -0.10871051253795543 0.9231854712366087 0.0 0.0 0.0 0.0 0.0 0.0
1.2749178210847616 -0.44335891641230324 -0.8884898156844332 -0.6762763700530223 -0.7225430017145809 0.1434638699505586 0.20561233848906865 0.0018528204425632818 0.9786317659454267 0.0 0.0 0.0 0.0 0.0 0.0
1.1559325350238712 -0.5893441339907646 -0.3537019644674023 0.06871149839688678 -0.9678812894287294 -0.24183576981462965 0.12011379312762165 -0.23261713924417646 0.9651227607047459 0.0 0.0 0.0 0.0 0.0 0.0
0.5767785865226579 -0.6774203647178524 0.009912342490412462 0.6812220692942885 -0.7190884658076349 -0.13728900410750175 -0.028768951219385913 -0.21373108549152964 0.9764688272240691 0.0 0.0 0.0 0.0 0.0 0.0
