t = 0
b = 77.709677 77.709677 77.709677
E = 0.000000 0.000000 0.000000
-0.226749426262412 -1.6477781396511373 -19.670720069075728 -0.04181310365067581 0.9828771188615939 0.17945538047500853 -0.025995657483795214 -0.18064734690486703 0.9832043337212351 0.0 0.0 0.0 0.0 0.0 0.0
0.05270407763950853 -1.7147021992643028 -19.16598575565469 -0.46522534622135825 0.8841435399253131 0.043076420946423694 -0.07625365235414878 -0.08850948106607757 0.9931522805008637 0.0 0.0 0.0 0.0 0.0 0.0
0.47927183611176344 -1.57370788330594 -18.73464648391641 -0.8046384789456394 0.5912619328367351 -0.05446324428654401 0.0018593811134641643 0.0941989456829339 0.9955516567883851 0.0 0.0 0.0 0.0 0.0 0.0
0.5307804061986382 -1.104004020896924 -18.41230702629725 -0.9983997037755407 -0.04719639855291702 0.03115335398551728 0.01985255265128105 0.2244601541595741 0.9742810248321007 0.0 0.0 0.0 0.0 0.0 0.0
0.2708499647804649 -0.9314236518744622 -17.974274086248727 -0.8097340347393598 -0.5854061217464074 0.040379024338730356 -0.14473077845787197 0.2660642639666328 0.9530282310649945 0.0 0.0 0.0 0.0 0.0 0.0
-0.13475507748297727 -0.3753962197698991 -17.735325193707443 -0.34096519805969855 -0.9285146367293106 0.14698062148306154 -0.22979981045892728 0.23396517912034906 0.9446969577976972 0.0 0.0 0.0 0.0 0.0 0.0
-0.6180661540267668 -0.33250542967832813 -17.31403718595915 0.21400885512746157 -0.9670513479735249 0.13788364772380216 -0.2885940026898059 0.07225569438558402 0.9547212243583639 0.0 0.0 0.0 0.0 0.0 0.0
-1.0018712601478506 -0.7215308757924395 -16.939340576461962 0.8186525014264057 -0.5242363110616527 0.2344874667711667 -0.25873507040362276 0.027795748709036578 0.965548320746785 0.0 0.0 0.0 0.0 0.0 0.0
-1.1691198051185723 -1.1080616048368161 -16.46286173397511 0.992237231361346 0.06975502340773365 0.10295393829163228 -0.1021350836260157 -0.015539800031369289 0.9946491538767285 0.0 0.0 0.0 0.0 0.0 0.0
-1.0871830241840805 -1.1484319969476402 -15.983975111528522 0.8569725023031944 0.49208330007331424 -0.15314096801691532 0.1326199895883082 0.07663965016790825 0.9881995255937627 0.0 0.0 0.0 0.0 0.0 0.0
-0.8215187801945256 -1.5398229773670016 -15.56842906643329 0.36047440167515776 0.9296543347189461 -0.07616445151913484 0.12377875888587699 0.03325728092080222 0.9917523743931379 0.0 0.0 0.0 0.0 0.0 0.0
-0.6805627299052985 -1.3974798465993588 -15.066420129920948 -0.10892125903771416 0.9592966240784523 -0.2605497003669816 0.2964430499945169 0.28158225391383856 0.9125968180915113 0.0 0.0 0.0 0.0 0.0 0.0
-0.11135420891232119 -1.2939230293069222 -14.783883683038415 -0.757445460951649 0.6478250256512007 -0.08123490520561368 0.23012090883792985 0.3813177840658417 0.8953441320915223 0.0 0.0 0.0 0.0 0.0 0.0
0.12160700690872091 -0.7710018712601479 -14.5007862138644 -0.9941170638675122 -0.04405852151600613 0.09894498476052255 0.07791581223300345 0.34328065913700645 0.9359954675459352 0.0 0.0 0.0 0.0 0.0 0.0
0.005268255459027957 -0.17870245362761208 -14.126786657666116 -0.8480055563826936 -0.5217491291690264 0.0930828800340898 -0.1382176968701286 0.3872124548693613 0.9115713812236319 0.0 0.0 0.0 0.0 0.0 0.0
-0.28834126662255327 0.09362704291091234 -13.663269226664392 -0.44073793650751925 -0.8956691285974842 0.059387569410755896 -0.37707280499585594 0.24475935307017452 0.8932574986067718 0.0 0.0 0.0 0.0 0.0 0.0
-0.8191281208421382 0.24826926223967777 -13.466601919642542 0.032489826663780745 -0.9588233328650168 0.2821386671780012 -0.3292849761086375 0.2561746919923662 0.9088156753114189 0.0 0.0 0.0 0.0 0.0 0.0
-1.0986183669875558 0.22189774594975345 -13.051736029584413 0.7016827064647281 -0.6532470077506425 0.2844463505006985 -0.11919028081110562 0.285946815754467 0.9508039206482327 0.0 0.0 0.0 0.0 0.0 0.0
-1.50081812045081 0.1011204214604367 -12.431751144634891 0.9290458127468415 -0.3696785386196024 0.014548398593506602 -0.009128692103577687 0.016402982743492972 0.9998237890436469 0.0 0.0 0.0 0.0 0.0 0.0
-1.4872142414992853 -0.22230997459924434 -12.0098507972422 0.9817433524568954 0.18932821593596266 -0.018297993256138206 0.020009773414667937 -0.00717679884956887 0.9997740257308981 0.0 0.0 0.0 0.0 0.0 0.0
-1.25958220381794 -0.5703679196283092 -11.609490063822062 0.6542200913714316 0.753361320971383 -0.06665427300787688 0.16669412764840094 -0.05781504395278603 0.9843121905677467 0.0 0.0 0.0 0.0 0.0 0.0
-0.8157211199812162 -0.7366165766611881 -11.296299013853016 0.10074043049827866 0.9949050293468891 0.00391768340826654 0.14923089796404373 -0.019025440973928942 0.9886193259736493 0.0 0.0 0.0 0.0 0.0 0.0
-0.4819096325428505 -0.6333169464663067 -10.780252113172107 -0.3452255642552854 0.9385062341072913 -0.005035705151211809 0.05583756271384342 0.025869830762345485 0.9981046630722177 0.0 0.0 0.0 0.0 0.0 0.0
-0.43297282225874617 -0.38549615520075137 -10.34368029467011 -0.8392135532732105 0.5418144151510933 -0.04645160424604411 0.026171670376657293 0.12544907650398684 0.9917547947320408 0.0 0.0 0.0 0.0 0.0 0.0
-0.04520551843867173 0.030651668125253474 -10.07010466249724 -0.9901730219880351 0.03286261585327065 0.13593172921125743 0.13967714065926393 0.2870139493569851 0.9476883924855038 0.0 0.0 0.0 0.0 0.0 0.0
-0.21771542615637468 0.19884558190498558 -9.454735070830397 -0.8829712021672843 -0.4481258316690465 -0.13980377367648603 -0.2301863509513342 0.15374652230066566 0.9609246852465391 0.0 0.0 0.0 0.0 0.0 0.0
-0.4832707208264851 0.534860002347969 -9.181817181263206 -0.26722911604148847 -0.9553486253051455 0.12608569969371378 -0.1613006089239836 0.17333884929286383 0.9715635629677443 0.0 0.0 0.0 0.0 0.0 0.0
-1.0573748239023244 0.6651906257337403 -8.854825810049304 0.35864842248960166 -0.9295391251628571 0.08560562970500422 -0.3010556517613091 -0.02838520992379297 0.9531840191695178 0.0 0.0 0.0 0.0 0.0 0.0
-1.193292635203882 0.4558229631368866 -8.331098849495188 0.7925259689179417 -0.6098286327860432 -0.0034098716959794434 -0.17540207187491277 -0.23339111565026996 0.9564322769111832 0.0 0.0 0.0 0.0 0.0 0.0
-1.5368026354173336 0.02312749471706973 -8.041459440614174 0.9933998797309149 -0.0674092775531692 0.09280446244854594 -0.11167025938237952 -0.3810270188590441 0.9177952735054054 0.0 0.0 0.0 0.0 0.0 0.0
-1.4093175236753546 -0.21313297331141895 -7.620341238162323 0.8145392106650857 0.5681496234777841 0.11718310301042206 -0.01115991846478909 -0.1865481769814453 0.9823824275121978 0.0 0.0 0.0 0.0 0.0 0.0
-1.218450055853202 -0.6890968857392902 -7.21557557258426 0.4112886218553536 0.9078967626339465 0.0810255387586134 0.0858556818735017 -0.1270605570858929 0.9881722606524931 0.0 0.0 0.0 0.0 0.0 0.0
-0.8852341209702091 -0.8036386404547946 -6.816691213615373 -0.06760688551538609 0.9943067913920292 0.08236087434332838 0.23310867101564325 -0.06453659352089965 0.9703068461028391 0.0 0.0 0.0 0.0 0.0 0.0
-0.4720698414053662 -0.6007421005073034 -6.437764591204368 -0.6878765903257993 0.6757397883792257 0.26495572249519733 0.17271654908195175 -0.20216234990113252 0.9640017520501059 0.0 0.0 0.0 0.0 0.0 0.0
-0.3122175099788682 -0.39874750528293024 -6.054634303827188 -0.9569371905192989 0.18344017815984276 0.22499092078952074 0.1762283494396901 -0.24864874592779346 0.9524270943239161 0.0 0.0 0.0 0.0 0.0 0.0
-0.06118293613524297 0.03765922164827425 -5.5764704155905145 -0.9764950561615989 -0.16710075827364257 0.136142358861339 0.09283543321521408 0.24436072472818507 0.9652302412119399 0.0 0.0 0.0 0.0 0.0 0.0
-0.1556027521042782 0.24141390424555484 -4.997563092773235 -0.7460013083616732 -0.6649791442403102 0.03584390670806709 0.0870023706418665 -0.043838324193474165 0.9952430802746649 0.0 0.0 0.0 0.0 0.0 0.0
-0.5274235442592158 0.4729726755106832 -4.541331591922986 -0.23355884018440945 -0.97191817680573 -0.028728483537059285 -0.049601103733766215 -0.017633917784233656 0.998613426432857 0.0 0.0 0.0 0.0 0.0 0.0
-0.6830095092744777 0.2980526532049778 -4.070453745010565 0.40582229189579 -0.9005372628389368 -0.15601572240964648 0.02255787879950829 -0.1607130494210329 0.9867433596684901 0.0 0.0 0.0 0.0 0.0 0.0
-1.0213024824435954 0.17075070972699521 -3.5177627412893906 0.6918713341717856 -0.6535896544132929 -0.3068136577717259 0.1983876820808982 -0.23640311822310503 0.9511865712324586 0.0 0.0 0.0 0.0 0.0 0.0
-0.8729381897158958 -0.1468104308523127 -3.1505525064569135 0.9872216653106632 -0.10451014137455285 -0.12029552731133429 0.06448040309292054 -0.4286211261185556 0.901180452441039 0.0 0.0 0.0 0.0 0.0 0.0
-0.8957857513856574 -0.7530114481276726 -2.9314926679331466 0.8598954615609447 0.5076108901398629 0.053953492920346124 0.2568548413782936 -0.5215927974687286 0.8136132644501793 0.0 0.0 0.0 0.0 0.0 0.0
-0.5460344226486512 -1.0929902452560356 -2.5069300660988847 0.5697877892430341 0.8170506646798671 -0.08814809456660468 0.46189028509546387 -0.22967108117053583 0.8566846321770853 0.0 0.0 0.0 0.0 0.0 0.0
-0.10153498473820144 -1.1589244834468184 -2.2463312984268606 0.045169661671399346 0.983392513737574 0.17578073156460192 0.4755347539866173 -0.17597131338964486 0.8619169302286681 0.0 0.0 0.0 0.0 0.0 0.0
0.3478112526414651 -1.211962902089692 -2.0443912890349845 -0.5019478312791824 0.7476590979285002 0.4348036889894871 0.5095577289605676 -0.15059136348994376 0.8471559254935237 0.0 0.0 0.0 0.0 0.0 0.0
0.9394473023259121 -1.0111599678399397 -1.8592997360313632 -0.7525884830661012 0.3592111737581692 0.5518857742355233 0.5892685059912653 -0.006599120047712169 0.8079103164717096 0.0 0.0 0.0 0.0 0.0 0.0
1.1182828519996868 -0.8925138921499567 -1.3911364169992957 -0.9081197487333471 -0.25425917485776595 0.3326722019663357 0.3686605622539198 -0.10871051253795527 0.9231854712366084 0.0 0.0 0.0 0.0 0.0 0.0
1.1968478516083585 -0.4146953510213664 -0.8970599025592862 -0.6760940767969174 -0.722721254507049 0.14342519863636652 0.20561163189688436 0.001852575082743567 0.9786319148659842 0.0 0.0 0.0 0.0 0.0 0.0
1.0778586522657896 -0.5606597792909133 -0.3622759646239336 0.06856865800051146 -0.9678591726145523 -0.24196479315363803 0.12009343337902516 -0.2327405157388285 0.9650955494627783 0.0 0.0 0.0 0.0 0.0 0.0
0.4589839164123032 -0.64320776590749 0.006134069030288787 0.6812220692942883 -0.719088465807635 -0.1372890041075017 -0.02876895121938598 -0.21373108549152972 0.9764688272240691 0.0 0.0 0.0 0.0 0.0 0.0
0.3005106832589809 -1.1647980746654145 0.20622505282930267 0.9692149938956909 0.07964873025278266 0.23297719926399502 -0.21943812619464373 -0.1500202740451959 0.9640232497961799 0.0 0.0 0.0 0.0 0.0 0.0
0.45114267824998044 -1.2545707129999215 0.7485364326524223 0.7423890175692411 0.6686524573418471 0.04198139925355288 -0.011174299561091656 -0.050372139601636105 0.9986680041842095 0.0 0.0 0.0 0.0 0.0 0.0
0.7794743484386008 -1.4731120861704625 1.1131574313219068 0.10360564349097674 0.9932351882129735 -0.05243788260751751 0.11818626448763564 0.04010289018862002 0.9921813166377293 0.0 0.0 0.0 0.0 0.0 0.0
1.0918239316741019 -1.3622732742427799 1.5678416294904907 -0.5074533069841994 0.8541616622386874 -0.11357374693318173 0.1313677076145966 0.20700255906471837 0.9694805134383794 0.0 0.0 0.0 0.0 0.0 0.0
1.3367339751115286 -1.157509587540111 1.9936800500900052 -0.9199178293386302 0.39061071083873544 -0.03427039309609435 0.14919345627783423 0.4293356139383408 0.8907369102086552 0.0 0.0 0.0 0.0 0.0 0.0
1.4201653850669171 -0.6693619394223995 2.2490021131721063 -0.9695379299711893 -0.23472068875261343 0.07001714517659091 -0.025640551885322518 0.3815688987563225 0.9239847063674286 0.0 0.0 0.0 0.0 0.0 0.0
1.2992290835094307 -0.3295648430774047 2.6498669484229476 -0.7294498048739712 -0.6709502633268831 0.13314926327588805 -0.17154941070349228 0.36783129637874934 0.9139315822815256 0.0 0.0 0.0 0.0 0.0 0.0
0.837712651283912 0.12490483610464827 2.9736387116053704 -0.09669521272834723 -0.9886058814851875 0.11536224221258526 -0.19897474025841583 0.13276753351050388 0.9709695333967143 0.0 0.0 0.0 0.0 0.0 0.0
0.6349678621742193 -0.03530391523831886 3.4700193707443048 0.4291624537374542 -0.9027835971855539 0.028308390183104593 -0.09937422721170104 -0.01602060900151635 0.9949211541892643 0.0 0.0 0.0 0.0 0.0 0.0
0.12437632073256627 -0.3003382542850434 3.8612497065038744 0.8740464218074342 -0.4855191711405785 0.017719677778854345 0.02151900358193331 0.07506896888409278 0.996946128131064 0.0 0.0 0.0 0.0 0.0 0.0
0.14340587579243955 -0.6315669758159195 4.311193942239962 0.975349323499322 0.19305537384237875 -0.10687993160548957 0.10543195982364052 0.017479577097134012 0.9942728831826058 0.0 0.0 0.0 0.0 0.0 0.0
0.2515261798544259 -0.7106972000469594 4.6521960847616795 0.7157441458707987 0.6981453671256865 -0.017417348036401614 0.07599844504132064 -0.052972128501825415 0.9956998493287459 0.0 0.0 0.0 0.0 0.0 0.0
0.6229090624488607 -1.0212882523284024 5.049645314378819 0.1566407859437153 0.9801717833188388 -0.12135460174423693 0.18892553142906 0.0908710831270465 0.977777883686047 0.0 0.0 0.0 0.0 0.0 0.0
0.8331846286295685 -0.66756672145261 5.471260859356657 -0.6046982787157208 0.7925674472069253 -0.07859283266394022 0.24148107726215126 0.2763756299131491 0.9302168567137563 0.0 0.0 0.0 0.0 0.0 0.0
1.0948775142834781 -0.3757493934413399 5.832237614463488 -0.9642173613171333 0.25500704828431914 -0.07250024455092469 0.012034280147578723 0.31540586138469445 0.9488805608218078 0.0 0.0 0.0 0.0 0.0 0.0
1.3582670521249118 0.19933889997652032 6.08239169992956 -0.9823515290112306 -0.1842725100936198 0.032079829692410994 -0.05405195935402393 0.4437665508760282 0.8945108350453809 0.0 0.0 0.0 0.0 0.0 0.0
1.133012444235736 0.5249453919329478 6.4574234953431935 -0.6498727846180117 -0.7471390071937043 0.13945848035324762 -0.19217472500240587 0.33901755306365416 0.9209429807458126 0.0 0.0 0.0 0.0 0.0 0.0
0.7994651033106362 0.6624574430617516 6.927132249354307 -0.2024712991910574 -0.9526673763908985 0.22678236916561098 -0.35780416333333986 0.28742716104390115 0.8884603580326879 0.0 0.0 0.0 0.0 0.0 0.0
0.3713789915473115 0.7406227987790561 7.196550686780934 0.3886362196646083 -0.8173698270723906 0.4252863206787313 -0.4454692532764398 0.2373181370873383 0.8632712471724785 0.0 0.0 0.0 0.0 0.0 0.0
-0.2959138001878376 0.6105489845034047 7.3617082942005165 0.8147633985165544 -0.354407155948135 0.4588640019117959 -0.4402849833953733 0.13674348797400704 0.8873839934849166 0.0 0.0 0.0 0.0 0.0 0.0
-0.5344902416985065 0.29178851202800477 7.854425921577836 0.9096982256638156 0.1725289738327927 0.37773388967937366 -0.41102938554893864 0.24503892111830955 0.8780721902853073 0.0 0.0 0.0 0.0 0.0 0.0
-0.580542451991149 0.0073889873138522945 8.334429052203179 0.6475168905354003 0.7556230841974525 0.09877059835445029 -0.39418825130498214 0.2212108441398936 0.8920097448840096 0.0 0.0 0.0 0.0 0.0 0.0
-0.5574508883149408 0.13369335524771073 8.828191281208419 0.32156304633219884 0.9460269979148174 -0.04037482445577172 -0.1345154232545981 0.08784452849420223 0.987010101123726 0.0 0.0 0.0 0.0 0.0 0.0
0.008278369513401215 0.03327356684952369 9.34710452731115 -0.38785079522052174 0.9017484304862299 -0.19084425263137958 -0.14250277195429942 0.14589221055279286 0.9789833619042565 0.0 0.0 0.0 0.0 0.0 0.0
0.30567354692736237 0.3734729307633744 9.660295132589098 -0.8727980260971309 0.47953473064129926 -0.09093980289031037 -0.06278030084638125 0.0744598755099215 0.995245879551724 0.0 0.0 0.0 0.0 0.0 0.0
0.20428504343742665 0.5769585974798466 10.090075917664551 -0.9662872440112014 -0.056175317120264814 -0.2512633992599691 -0.2527177365970453 0.020753833622705588 0.967317437038756 0.0 0.0 0.0 0.0 0.0 0.0
0.1505818560694999 1.1239470826485087 10.544519693590042 -0.8810054766609965 -0.414393346558157 -0.22827068235246886 -0.30396820281732223 0.12610243743906424 0.9442994794809187 0.0 0.0 0.0 0.0 0.0 0.0
-0.2890056351256162 1.441931791500352 10.853871947640291 -0.4011367106852166 -0.915098949015508 -0.041027464598208836 -0.32015632410025513 0.09807505906376132 0.9422744881021942 0.0 0.0 0.0 0.0 0.0 0.0
-0.6567518339060955 1.4644389421332364 11.236412018755292 0.18428893017759787 -0.9826875780392069 0.01904505661409898 -0.42344456608223446 -0.061905735010048805 0.903804392237775 0.0 0.0 0.0 0.0 0.0 0.0
-0.9560147139391096 1.2424591062064647 11.591175549816077 0.7220332730804577 -0.66300023460047 0.19773376414877417 -0.3470596181415543 -0.09980768880750578 0.9325170490185917 0.0 0.0 0.0 0.0 0.0 0.0
-1.3330949789038542 0.826435284993632 11.922926138587094 0.9798761419666305 -0.15086507673571592 0.13069994271658347 -0.1447356083156436 -0.08649797447132924 0.9856823545635064 0.0 0.0 0.0 0.0 0.0 0.0
-1.2953460408262005 0.43956114324745454 12.383053355816909 0.8824986429172591 0.46187891740581727 0.0886792585965079 -0.02340156448298353 -0.14537013248917904 0.9891005466381196 0.0 0.0 0.0 0.0 0.0 0.0
-1.0433904672458323 0.32283008530954055 12.870482116302728 0.3121108475486346 0.9454858797505504 -0.09296918863150577 -0.13455335049613734 0.14084987678618663 0.980844895016322 0.0 0.0 0.0 0.0 0.0 0.0
-0.7781756280817093 0.3167666999295609 13.327937896219769 -0.1658089917049764 0.9629257417615033 -0.21279425303056876 0.054198710466285695 0.22433641889500464 0.9730034280212773 0.0 0.0 0.0 0.0 0.0 0.0
-0.415977929091336 0.5110902402754951 13.687430539250215 -0.7826374427100312 0.6145193125359598 -0.09922019849120449 0.056490344564243726 0.22887832002322187 0.9718145685234199 0.0 0.0 0.0 0.0 0.0 0.0
-0.23527016318384592 0.8467766787978399 14.144176303122794 -0.9798124774548216 0.11685171027424154 -0.16221339904529922 -0.1132596235165256 0.3447118904805917 0.9318508304670825 0.0 0.0 0.0 0.0 0.0 0.0
-0.12574797042982064 1.4322682092111536 14.329765131948742 -0.8424546934990919 -0.49273890428725714 0.21789552910315635 -0.020620123316573903 0.43359249464437427 0.9008731093236593 0.0 0.0 0.0 0.0 0.0 0.0
-0.3185624737632251 1.6299565269980858 14.785057667541817 -0.8251201247408113 -0.5424884802028959 0.1577435532592699 -0.24248399070543053 0.592270171396684 0.7683863340308124 0.0 0.0 0.0 0.0 0.0 0.0
-0.6221164005635126 1.843038271894811 15.075094652500583 -0.39117143244555397 -0.7950432360744052 0.46356354819035434 -0.2394088637172411 0.5743703059150318 0.7828040288965638 0.0 0.0 0.0 0.0 0.0 0.0
-1.1781081239727635 2.2141677917351483 15.26501599553886 0.24729383698785112 -0.8179719223444305 0.5193916561170221 -0.020576331767741873 0.5314367885364596 0.8468480113698316 0.0 0.0 0.0 0.0 0.0 0.0
-1.4205505987320965 2.2484297957266968 15.704365021131723 0.7822809133870516 -0.48014736646303396 0.396856496770474 -0.18358394770291833 0.43102389657895324 0.8834677892960828 0.0 0.0 0.0 0.0 0.0 0.0
-1.7394892811657308 2.2045934811842303 16.28684710452731 0.9741645708892358 -0.18430140530336867 0.13052348764645588 -0.06126986102758884 0.34028404984797345 0.9383244479116603 0.0 0.0 0.0 0.0 0.0 0.0
-1.5903655005087265 2.2710651952727554 16.776856852156218 0.9297711567197011 0.27528835252036743 -0.24442160112954547 0.1171786967199807 0.4082375204752516 0.9053238536077712 0.0 0.0 0.0 0.0 0.0 0.0
-1.4390975972450502 2.23968850277843 17.25232057603506 0.6339640549062705 0.6800803193022256 -0.3682123522976684 0.2561825770843463 0.2644545987185065 0.9297495643532492 0.0 0.0 0.0 0.0 0.0 0.0
-1.0111124970650387 1.9842576015496598 17.707178915238316 0.11248466486131208 0.8940945251745767 -0.43352298696134517 0.18101941202442123 0.41061048827656677 0.8936615687091016 0.0 0.0 0.0 0.0 0.0 0.0
-0.5311212619266151 2.1269468576348127 17.794616747422562 -0.4436139419064012 0.8941360133795271 -0.061052928873481654 0.4009914668677753 0.2588627674054816 0.8787467844324697 0.0 0.0 0.0 0.0 0.0 0.0
-0.293316359474055 2.4339120098614697 18.135694265085696 -0.739235194860042 0.6730214902897561 0.02394577809116766 0.4844723017509348 0.5069263581518363 0.7129602066364343 0.0 0.0 0.0 0.0 0.0 0.0
-0.004754637238788453 2.821271865461376 18.184796166940593 -0.8763566154516303 0.2762763662456702 0.39455094982556016 0.4809114036549155 0.46073863083209154 0.7459518321538118 0.0 0.0 0.0 0.0 0.0 0.0
0.2036129373092275 3.4671321026062456 18.214934550363935 -0.6303547785054182 -0.4253962277428568 0.6493773191585401 0.6070575304321126 0.25131616769137816 0.7538709031409712 0.0 0.0 0.0 0.0 0.0 0.0
0.07040119973642156 3.8289390967135994 18.655034121291532 -0.26926851505840027 -0.78483742634567 0.5581439608249373 0.3574986045979454 0.4566492890872908 0.8146570901223371 0.0 0.0 0.0 0.0 0.0 0.0
-0.09644850752486193 2.7486840012421516 19.184118640601685 0.10065817252455048 0.8497631106528896 -0.5174655428891307 -0.5952391973449274 -0.3653061147080343 -0.7157106541760345 0.0 0.0 0.0 0.0 0.0 0.0
-0.6691014616107065 2.7477474172340934 18.947060636299593 0.7033373054903932 0.4485680648019229 -0.5514556427722642 -0.572680120560007 -0.1018183812124282 -0.8134313104145035 0.0 0.0 0.0 0.0 0.0 0.0
-1.1380532401972294 3.1255686487438363 18.70432466541441 0.8781872777751445 -0.09699604597346533 -0.46837898353725765 -0.4604483002037927 0.09400605512059847 -0.8826948648542716 0.0 0.0 0.0 0.0 0.0 0.0
-1.125579654848556 3.4259545961493307 18.25735941535572 0.6064029566599778 -0.7088069010482669 -0.3603723507434903 -0.38874602655992385 0.13101227321946804 -0.9119826265339369 0.0 0.0 0.0 0.0 0.0 0.0
-1.1889919386397434 3.1881975424591062 17.638686702668856 0.4500927785361635 -0.8847517536615982 0.12095794766084134 -0.11694373948534847 -0.19260168497054328 -0.9742837126533987 0.0 0.0 0.0 0.0 0.0 0.0
-0.9790076895984974 3.2081034280347502 17.162277676684667 -0.24419275673050153 -0.9167206536101221 0.31621692049128025 0.03034509666145656 -0.33317310454510307 -0.9423772373717356 0.0 0.0 0.0 0.0 0.0 0.0
-0.6159434210619935 3.0299117021352284 16.66016706155236 -0.5301691877436457 -0.6994873050969858 0.4792057411753321 0.04129163538311905 -0.5858055558558956 -0.8093990681831508 0.0 0.0 0.0 0.0 0.0 0.0
-0.3892576860409684 2.4749905725486845 16.460269518381747 -0.9131070784475421 -0.3130812861493617 0.26118110871970696 -0.027677925547307018 -0.5914836509578485 -0.805841810212756 0.0 0.0 0.0 0.0 0.0 0.0
-0.40889097597245055 2.1036041324254513 16.25930578383032 -0.9449203436526552 0.21805854084292037 -0.24408198810400702 -0.005127995240801859 -0.7554915919609968 -0.6551382740620861 0.0 0.0 0.0 0.0 0.0 0.0
-0.5114683611176333 1.456790032871566 16.201899653674573 -0.7531206942066274 0.5151360469040875 -0.4091993073524897 -0.13150342958268593 -0.7273236577472798 -0.6735778684674173 0.0 0.0 0.0 0.0 0.0 0.0
-0.7401642110824137 1.1796379725287625 15.899807760037566 -0.2354816196809803 0.7608705030370034 -0.604668904774042 -0.08315362290185488 -0.6356274443073574 -0.7675045452905106 0.0 0.0 0.0 0.0 0.0 0.0
-1.2257645574078422 0.8281286687015729 15.551908458558346 0.3344246893495285 0.8251504883894663 -0.4552875999454593 -0.0757721061912716 -0.4580129682289597 -0.8857102849450471 0.0 0.0 0.0 0.0 0.0 0.0
-1.2546294122250918 0.7572943570478203 15.034965171793068 0.8400868568310095 0.5034060314913441 -0.20208028216016252 -0.020689347277166287 -0.3425689319486211 -0.9392648602885268 0.0 0.0 0.0 0.0 0.0 0.0
-1.1875009783204196 0.7170188620176879 14.439387180089222 0.8467994505854531 0.5268495840048506 -0.07321342992983218 -0.03146149603383728 -0.08788474405982273 -0.995633690685913 0.0 0.0 0.0 0.0 0.0 0.0
-1.4371624794552709 1.1560152030993187 13.933765261798547 0.9744991000625747 -0.22426726369427794 -0.007463136894982812 -0.04672692059431242 -0.1702696416808087 -0.9842890043141099 0.0 0.0 0.0 0.0 0.0 0.0
-1.3268123830462406 1.3958711320768138 13.451930670878781 0.8094875746828485 -0.5862064078653467 0.03304411916947835 0.026361967662181362 -0.019897760700474144 -0.9994544140580324 0.0 0.0 0.0 0.0 0.0 0.0
-0.8766362409016201 1.5819587931439305 13.050085113876497 0.23883471474442525 -0.9633622126761463 0.12202961206472906 0.10330952850407578 -0.09976912265323909 -0.9896328932918855 0.0 0.0 0.0 0.0 0.0 0.0
-0.5413491572214277 1.5469344774345946 12.644307598170009 -0.25486511042636123 -0.9472019818263226 0.19455637001045598 0.32853406004919333 -0.2740317835613343 -0.9038650081653715 0.0 0.0 0.0 0.0 0.0 0.0
-0.3126438131016671 1.1984816467089299 12.225260233231593 -0.7813414546587215 -0.6148084114976523 0.10731331876112211 0.23294475624266597 -0.4468138490950103 -0.8637674020220641 0.0 0.0 0.0 0.0 0.0 0.0
-0.0734405572513109 0.7466737105736873 12.043230022697037 -0.9714777650305988 0.10640678143020797 -0.21191637246049772 0.17432317293815963 -0.2854632570964528 -0.9424023345814977 0.0 0.0 0.0 0.0 0.0 0.0
-0.1350900410538823 0.17840651170071223 11.674265548179612 -0.7138872250544391 0.685690266910777 -0.14210519965117321 0.08996384329129774 -0.11142705747914083 -0.9896921328179785 0.0 0.0 0.0 0.0 0.0 0.0
-0.32287313140799884 0.1815840964232605 11.192122563982153 -0.06189280702314066 0.9945904989457756 -0.08342073990075557 0.15453884671956164 -0.07304457370327533 -0.9852828198578795 0.0 0.0 0.0 0.0 0.0 0.0
-0.6241378551303122 0.22105027588635823 10.676138031227985 0.24604255323633153 0.9636666668422985 0.10396930900030703 0.018711189259203988 0.10248991232874954 -0.9945580472085838 0.0 0.0 0.0 0.0 0.0 0.0
-0.8224715308757923 0.3871580770133835 10.216629490490725 0.7421792722146044 0.6569130150792185 0.13279766004915425 0.14448842105297366 0.036763645197141724 -0.9888233060428123 0.0 0.0 0.0 0.0 0.0 0.0
-1.018548955153792 0.7349392018328387 9.742096949774806 0.9711353619541317 -0.017551763896113955 0.23788241706009441 0.2381958573468573 0.1244289613165909 -0.9632134587558824 0.0 0.0 0.0 0.0 0.0 0.0
-0.8222117868044141 0.9419738592783907 9.39895124051029 0.7429410505986427 -0.6679472425449758 0.043417467820547055 0.20803212670599677 0.16878007908483958 -0.9634500086472029 0.0 0.0 0.0 0.0 0.0 0.0
-0.5196720669953825 1.183591609924082 9.05206621272599 0.275632391160974 -0.9580737867242451 0.07823940269934027 0.4049391179755066 0.04190095118090394 -0.913383063683225 0.0 0.0 0.0 0.0 0.0 0.0
0.026055340917984726 1.2919486008239236 8.75445580481974 -0.24233536547018453 -0.9689680637829412 0.048728451762496586 0.4192109692914193 -0.1498881628923402 -0.8954304561776464 0.0 0.0 0.0 0.0 0.0 0.0
0.3048642091257729 0.9797722470063396 8.428531736714406 -0.7596658428382741 -0.6175313407055282 -0.20386968992777604 0.44812721627983776 -0.26989432035760963 -0.8522552750602296 0.0 0.0 0.0 0.0 0.0 0.0
0.6830124442357359 0.5736557877436016 8.232484151209205 -0.8753146233308967 -0.032844489659535285 -0.48243709401547363 0.4508296859993401 -0.41629446561671274 -0.7895894579581417 0.0 0.0 0.0 0.0 0.0 0.0
0.8456210378023011 0.15457707208264848 7.908630987320967 -0.7432049654323055 0.5028470012639374 -0.4413516428842553 0.2592996603915265 -0.391669819726448 -0.8828127992028042 0.0 0.0 0.0 0.0 0.0 0.0
0.6932121683493776 -0.44848042380840564 7.4959314099553875 -0.35810209371766616 0.8794017561868729 -0.3137123550172475 0.06083464922692525 -0.31334230311239586 -0.94768968894552 0.0 0.0 0.0 0.0 0.0 0.0
0.34402882131955853 -0.541555382718948 6.999060812397277 0.1312970925847349 0.9811846648981388 -0.14155467794291593 -0.10283421474966296 -0.12859321782923333 -0.986351310946127 0.0 0.0 0.0 0.0 0.0 0.0
0.29213430382718947 -0.4080613602567113 6.524058855756438 0.7159259068803346 0.6907994022517945 -0.1012239186464048 0.010548335958196304 -0.15567379790352912 -0.9877521962794131 0.0 0.0 0.0 0.0 0.0 0.0
0.0601263500821789 -0.25445380370979104 6.0435218067621514 0.9553543165385271 0.289182449783975 0.06059406413290503 0.06768416963244665 -0.014381506039435173 -0.9976031402643056 0.0 0.0 0.0 0.0 0.0 0.0
0.035141269468576375 0.2515350736764214 5.604641152070124 0.8741877807261047 -0.4777972086454724 0.0866345857020328 0.07675116961770052 -0.04029623381580332 -0.9962356505880409 0.0 0.0 0.0 0.0 0.0 0.0
0.3634869474268393 0.46548841312870437 5.099247938412062 0.45693523422642685 -0.8727892459233019 0.17160747047571792 0.344199893152775 -0.0044138184396385295 -0.9388860163834587 0.0 0.0 0.0 0.0 0.0 0.0
0.7094114424356264 0.24293652657118256 4.754128512170304 -0.2277292775177836 -0.9730087806945799 0.03732678465224603 0.35720469708452834 -0.11913656115109078 -0.9263969366194185 0.0 0.0 0.0 0.0 0.0 0.0
1.232265496595445 0.0910498356421695 4.502535072787039 -0.6377751655255558 -0.7702175075914066 -0.002798077649275997 0.3984178744564295 -0.3268892652653445 -0.8569752654353008 0.0 0.0 0.0 0.0 0.0 0.0
1.3462924101901852 -0.237141200986147 4.0611205682085 -0.9637459028975502 -0.2407550476553182 0.11502539579010806 -0.0001497139870880402 -0.4307346028288796 -0.9024786310553672 0.0 0.0 0.0 0.0 0.0 0.0
1.3272224994130073 -0.7345070732566331 3.8053533693355255 -0.8889498299853489 0.4464705166518253 -0.10213852128199052 -0.08674189646736247 -0.38288971006799244 -0.9197126254006162 0.0 0.0 0.0 0.0 0.0 0.0
1.1573175921577832 -1.2466578128668702 3.3755026121155205 -0.5694110149671544 0.8211977395677632 0.037488245662756735 -0.250306105420739 -0.12977071419672784 -0.959430255581912 0.0 0.0 0.0 0.0 0.0 0.0
0.8245362761211552 -1.1448266416216637 3.020411677232528 0.1423269471046082 0.9821097787596669 -0.12330215972366454 -0.07271462686307247 -0.11381493384039607 -0.9908373952748607 0.0 0.0 0.0 0.0 0.0 0.0
0.2817100329427167 -1.1257301827858295 2.575159910919478 0.7016833654407207 0.7119528133117266 -0.027634150634706346 0.021794110797664842 -0.060235679567255146 -0.9979462308369174 0.0 0.0 0.0 0.0 0.0 0.0
0.09198902324489316 -0.8268739727635593 2.1182385830007036 0.9723604269635503 0.23297106719307017 0.015481664192974599 0.03188742768214289 -0.06647145104413775 -0.9972786662472545 0.0 0.0 0.0 0.0 0.0 0.0
0.21685984048040877 -0.571961692529901 1.6520843561228626 0.900675424052165 -0.3837628024937173 0.2037397652168594 0.1556684608316623 -0.1527803000659614 -0.9759229017776231 0.0 0.0 0.0 0.0 0.0 0.0
0.5748084937778822 -0.24706870744306184 1.2156059227518194 0.499104098635247 -0.8275504056967827 0.25701249922248487 0.1769214753155931 -0.1929966791211786 -0.9651171293787872 0.0 0.0 0.0 0.0 0.0 0.0
1.0221809697111996 -0.1936744247475933 0.8984319969476401 -0.1895407431802139 -0.9560987291324757 0.22349390780501588 0.27901032802976844 -0.2706848481962492 -0.92134844104155 0.0 0.0 0.0 0.0 0.0 0.0
1.4558724127871818 -0.48117000007115046 0.7009541292236761 -0.6936303304487756 -0.7203299636262117 0.0013069750506438276 0.28518323345436347 -0.2763109406968304 -0.9177814486073177 0.0 0.0 0.0 0.0 0.0 0.0
1.557272100258276 -0.8533326485090396 0.4182539915473116 -0.9644570755200615 -0.09216406966971193 -0.2476455809038532 0.2575025232820682 -0.11812690291848693 -0.9590299710177229 0.0 0.0 0.0 0.0 0.0 0.0
2.2416024532718595 0.2991597116978662 0.9491415683009948 0.5783403254710264 0.5738599614260599 0.5798337801526816 -0.17098722305602088 0.7802941766418411 -0.6015848796723717 0.0 0.0 0.0 0.0 0.0 0.0
2.8568521562182045 -0.8556625185880878 0.7574430617515846 -0.3831955321870662 -0.7762626120417158 -0.500577208088866 0.8503335839480086 -0.08488685389713507 -0.5193524988344445 0.0 0.0 0.0 0.0 0.0 0.0
3.404135271475022 -1.2004027122599554 0.8675603179007731 -0.5803502013970575 -0.28186838343826187 -0.7640313201409322 0.8083375658785206 -0.08549579004208142 -0.5824781965659046 0.0 0.0 0.0 0.0 0.0 0.0
3.6878023010096257 -1.3811810284104244 0.47821084761681126 -0.6234662620952135 0.22810179019085136 -0.7478364750002179 0.639636042278374 -0.4013410566899844 -0.6555845404167375 0.0 0.0 0.0 0.0 0.0 0.0
3.8733163994962534 -1.9622261592207588 0.16782997858367663 -0.47484127876720816 0.6470015851075002 -0.5965858771770454 0.5427114524036053 -0.31850541457470205 -0.7771863227801724 0.0 0.0 0.0 0.0 0.0 0.0
4.094623150974407 -2.0324254519840332 -0.3035532597636378 -0.13457885031052785 0.9592780450134426 -0.24834283843969415 0.4886667684766745 -0.15373593251280257 -0.858818987005401 0.0 0.0 0.0 0.0 0.0 0.0
4.41784309697112 -1.9554289445879318 -0.8493374324958909 -0.5185067864454846 0.8530507032423622 -0.058781035272336454 0.4380518536119514 0.20610188442498126 -0.8750043352941773 0.0 0.0 0.0 0.0 0.0 0.0
5.223500968537215 -1.8235244482272832 0.09823315332237614 0.6571092040530292 -0.4872985428178998 0.5751066197813635 0.29013264854692805 0.8676843334258684 0.40366687227768816 0.0 0.0 0.0 0.0 0.0 0.0
4.827130781873679 -1.3901040443766137 -0.8820475757220003 -0.5710800825537811 -0.7677290055170266 0.2906195337519554 -0.5536994507120336 0.6215862748870761 0.554118598454519 0.0 0.0 0.0 0.0 0.0 0.0
4.341673514909603 -1.0437309227518194 -0.6403278351725755 -0.2643547412910637 -0.9532737204826637 0.1462387930546302 -0.6920369503125693 0.2930023184564992 0.6597230485447622 0.0 0.0 0.0 0.0 0.0 0.0
3.7862601122756083 -0.8019737169772387 -0.5437398165738151 0.06404500599814829 -0.9842018268695137 0.1650605985491655 -0.8547227397015008 0.031297916574254084 0.5181404043840545 0.0 0.0 0.0 0.0 0.0 0.0
3.366549268216326 -0.9780347499413009 -0.35349847382014565 0.3093922604399159 -0.8544179535698592 0.4174283049786791 -0.8290109801050762 -0.0273774666059416 0.5585617863651804 0.0 0.0 0.0 0.0 0.0 0.0
2.785246216568123 -1.281845219037048 -0.43789266224110085 0.6110075130304251 -0.21755004666272773 0.7611450559633294 -0.7857020761325553 -0.04965235968194418 0.6166091880105314 0.0 0.0 0.0 0.0 0.0 0.0
2.5205916881897155 -1.4285708695311887 -0.05617515848790796 0.6056152588262508 0.2833382203515998 0.7436058170595505 -0.6951316773276197 -0.2665440313281745 0.667642292353484 0.0 0.0 0.0 0.0 0.0 0.0
2.380143297259991 -1.9592698527894588 0.23565070759247786 0.3745280571707973 0.7529768965951285 0.5410679509875237 -0.5153691291850543 -0.3160413882069154 0.7965629301086541 0.0 0.0 0.0 0.0 0.0 0.0
2.1293104797683333 -1.8568717226265945 -0.8729631368865932 0.863183799266781 0.42064507806264695 -0.27923367809960703 -0.18586197822873118 -0.24960033785125293 -0.9503446724180881 0.0 0.0 0.0 0.0 0.0 0.0
1.9891809990608127 -1.7648472352664941 -1.330153791969946 0.8729756070633333 -0.48166048145327356 0.07692054393076779 -0.0999595704657089 -0.33121330219217937 -0.938246147193402 0.0 0.0 0.0 0.0 0.0 0.0
0.6917863775107259 -1.7298305904786297 -0.6545283784072233 0.22929562633307465 0.9534067329451786 0.19605896388414362 -0.3118142531933935 0.262726712451833 -0.9130972270627582 0.0 0.0 0.0 0.0 0.0 0.0
0.354763442122564 -1.4517895926273772 -0.8618953979807468 0.6978936207218767 0.7044244682253826 -0.1293470630555493 -0.38660912529184244 0.2185532706084618 -0.895973131375836 0.0 0.0 0.0 0.0 0.0 0.0
-0.03271503482820694 -1.0500544301906123 -0.9177143588977351 0.8401123376245693 0.28134428728893884 -0.4637420103687619 -0.5407686471639019 0.3682639858604618 -0.756274359583008 0.0 0.0 0.0 0.0 0.0 0.0
-0.13750880488377554 -0.7061595053611959 -1.2557525240666825 0.7357397827609093 -0.3521642970912185 -0.5785043473623841 -0.4139749796372798 0.4422595305788615 -0.7956325935043629 0.0 0.0 0.0 0.0 0.0 0.0
-0.11812118455036394 -0.0745810342803475 -1.6009223115754874 0.5347206971861596 -0.763380472125201 -0.36238657643275474 -0.22464709277624054 0.2850434825344766 -0.9318175233229952 0.0 0.0 0.0 0.0 0.0 0.0
-0.06850933317680208 0.15362687837520544 -2.1215440831181023 0.22722276310480977 -0.9398590152069225 -0.25501930801664624 -0.07461520861385539 0.24433293377646517 -0.9668164190350184 0.0 0.0 0.0 0.0 0.0 0.0
-0.11137590983799014 0.07867261485481726 -2.637990138530171 -0.3321704116415142 -0.9432132272219333 0.003409636856395582 -0.05536485074704749 0.01588516021250323 -0.9983398193935672 0.0 0.0 0.0 0.0 0.0 0.0
0.1544846208030054 -0.04149252563199501 -3.007748297722469 -0.9112350117297068 -0.40806388670211763 0.055987657278389745 -0.13534577452754443 0.16818882872229327 -0.9764189875307434 0.0 0.0 0.0 0.0 0.0 0.0
0.3216460730218361 -0.42401752171871326 -3.5158928152148388 -0.9681946215371775 0.08430436696875443 0.2355672908883555 -0.24551284057094752 -0.13940527970400884 -0.9593172640505494 0.0 0.0 0.0 0.0 0.0 0.0
-0.030907098692963916 -0.5710456288643655 -3.8910229318306326 -0.6940887638014613 0.7073676077831853 0.13368565900519375 -0.28771489795161254 -0.10235320469408994 -0.9522310428596323 0.0 0.0 0.0 0.0 0.0 0.0
-0.3950421166940596 -0.9626379431791502 -4.296841981685842 -0.36806066493902556 0.9243490090080446 0.1005497711110684 -0.2326278562356711 0.013126835189376206 -0.972477231970552 0.0 0.0 0.0 0.0 0.0 0.0
-0.6469571789152383 -0.7867200340455505 -4.676295785395632 0.17340383469545317 0.9840123464673984 -0.040630187208975856 -0.4421041942116523 0.04094437471310076 -0.8960287046963501 0.0 0.0 0.0 0.0 0.0 0.0
-1.0427095562338577 -0.7078696094544885 -5.057400015653127 0.7135315282980309 0.6923552907881799 -0.10731686466856559 -0.27197523945788826 0.1324998998712082 -0.9531386287712529 0.0 0.0 0.0 0.0 0.0 0.0
-1.286096354778117 -0.4235039034984737 -5.493400005869923 0.9526280253105665 0.27593738840170856 -0.12789997292781335 -0.22571556118850428 0.3597044094014021 -0.905353645430639 0.0 0.0 0.0 0.0 0.0 0.0
-1.4323234620803007 0.18407343273068794 -5.724451162244658 0.8693374229711858 -0.414991582516818 -0.26839230887267335 -0.1024438631508406 0.3798718159858709 -0.9193490405294 0.0 0.0 0.0 0.0 0.0 0.0
-1.3623072708773578 0.3065899663457775 -6.227154261563745 0.5170706681832473 -0.8194879107687286 -0.24713860121080752 0.04619617092197622 0.3150593756655781 -0.947946994086359 0.0 0.0 0.0 0.0 0.0 0.0
-1.1173123581435394 0.4662048994286609 -6.77617985442592 0.06531242665487964 -0.9933230603335496 -0.09509776408540017 0.15734120677109725 0.10433238973013349 -0.9820175645603363 0.0 0.0 0.0 0.0 0.0 0.0
-0.7336777021209985 0.4892697816388826 -7.2500469593801355 -0.5470534781476508 -0.83691285059137 -0.017588989782961067 0.201670720585958 -0.11131400065702367 -0.9731074522970568 0.0 0.0 0.0 0.0 0.0 0.0
-0.2295317580595815 0.2808918013191317 -7.574423502458251 -0.9187390704344257 -0.37768931914018355 -0.1151924418732056 0.13667281512073692 -0.030638192172175806 -0.9901423346102285 0.0 0.0 0.0 0.0 0.0 0.0
-0.2405494247475933 0.08849103858495734 -7.992239962432497 -0.9747345944603312 0.17172698948794862 -0.14283666001296574 0.12158024094418142 -0.1286729435069 -0.9842060346397115 0.0 0.0 0.0 0.0 0.0 0.0
-0.20768853123866032 -0.35628650913929155 -8.472283293133259 -0.8574749562848146 0.5144476273006672 0.008963152853154363 -0.07964777689333208 -0.11545795156559523 -0.9901139798307196 0.0 0.0 0.0 0.0 0.0 0.0
-0.5004365754872033 -0.5156433435078658 -8.808526796196288 -0.2641326829494597 0.9496803538739168 -0.16834830341833662 -0.15298996052740332 -0.2135617906984895 -0.9648758643118182 0.0 0.0 0.0 0.0 0.0 0.0
-1.0421680558816622 -0.6638698931674103 -9.222161892463019 0.3271254118389616 0.943516224910666 -0.05259370931504338 -0.1264138114184834 -0.011477882223870878 -0.9919111888179845 0.0 0.0 0.0 0.0 0.0 0.0
-1.2856126420343368 -0.3922388951738564 -9.61318989377219 0.7013829897675582 0.7090371560120275 -0.07299460979481213 -0.11721441881113714 0.013745948719107946 -0.9930114948562172 0.0 0.0 0.0 0.0 0.0 0.0
-1.3471119981216244 -0.07452844955779916 -9.950121311732019 0.9794928912797396 -0.01633086352261933 -0.20081578331660474 -0.20147592441942003 -0.08876369909871261 -0.9754632015620339 0.0 0.0 0.0 0.0 0.0 0.0
-1.438952805822963 0.45571877201220945 -10.425173162714252 0.8164297933603427 -0.5760510807880536 -0.04009419953688626 -0.004815946321229504 0.0625383834023948 -0.9980309400326455 0.0 0.0 0.0 0.0 0.0 0.0
-1.0974150328715662 0.4558765261798543 -10.978769223996244 0.44806951197281736 -0.8821708650703687 0.14494232391347533 0.06611737385620421 -0.129019525710451 -0.9894354222786899 0.0 0.0 0.0 0.0 0.0 0.0
-0.8291228868278937 0.5281059227518196 -11.47499046137591 -0.027939153360746625 -0.9787774829949879 0.2030124195498408 0.2899952497846462 -0.20234517693019585 -0.9353925296234883 0.0 0.0 0.0 0.0 0.0 0.0
-0.5313453862409014 0.4402363622133521 -11.853267590201142 -0.5856007102189695 -0.8011405364442171 0.12347327264193814 0.24370335808935273 -0.3193593033649344 -0.9157610543205233 0.0 0.0 0.0 0.0 0.0 0.0
-0.2393128277373405 0.2189089770681694 -12.13144713156453 -0.9661743269325191 -0.25392583072242103 -0.04504267385959639 0.09708012429964753 -0.19600233343980095 -0.9757861111699213 0.0 0.0 0.0 0.0 0.0 0.0
-0.23153542498239021 -0.15846589575017608 -12.55888999765203 -0.9747207206020414 0.2213624868083563 0.03030125844016054 -0.12841701856251977 -0.4439502908420952 -0.8868016737719503 0.0 0.0 0.0 0.0 0.0 0.0
-0.4179531580183141 -0.8232896513266023 -12.631251467480624 -0.6345615954490788 0.6782086893159465 -0.37062724578404355 0.038924905309840455 -0.4508357416897662 -0.8917578066726741 0.0 0.0 0.0 0.0 0.0 0.0
-0.6011348516866243 -0.9390467245832358 -13.072841825154574 0.02189281120207928 0.9155501865000705 -0.4016074710676539 0.0893589487525021 -0.4018185182960728 -0.9113489214522593 0.0 0.0 0.0 0.0 0.0 0.0
-0.7681615402676684 -1.083086796587618 -13.560984581670185 0.5135742827387665 0.8532654487850574 -0.0904407541929861 0.1450577049916071 -0.19024034226914963 -0.9709618295256949 0.0 0.0 0.0 0.0 0.0 0.0
-1.0005943296548483 -1.0309711786804412 -14.071789152383186 0.8508047277193869 0.5248140889748798 -0.026485605596381908 0.08940430022821698 -0.19421483990794844 -0.9768763826913991 0.0 0.0 0.0 0.0 0.0 0.0
-1.1340181576269859 -0.8446661970728653 -14.51373561868983 0.9956341539034734 -0.09225814946933236 0.014179754490424034 0.013997453588051063 -0.002708892462347526 -0.9998983614321397 0.0 0.0 0.0 0.0 0.0 0.0
-1.1003208890975973 -0.6084566017061909 -14.977400798309464 0.7871238593403835 -0.6103932914237482 0.08863441680286054 0.11292868234948591 0.0014124184709936119 -0.9936020922768187 0.0 0.0 0.0 0.0 0.0 0.0
-0.7775370516624331 -0.16242609233921745 -15.365874049250426 0.22503611489635278 -0.9718572132121333 0.06965848203845436 0.03460090201625664 -0.06341329952076863 -0.9973873525484221 0.0 0.0 0.0 0.0 0.0 0.0
-0.5971667840651173 -0.3298779056116458 -15.787810127572982 -0.300735844860641 -0.9483227566160428 0.10120227714881652 0.19580330723371855 -0.16524066372106497 -0.9666212225734337 0.0 0.0 0.0 0.0 0.0 0.0
0.11430940361587229 -0.5308244306175157 -16.028153615872274 -0.7718976837237581 -0.6230396963840871 -0.1264733275893441 0.2751852536472367 -0.14808161933295205 -0.9499183702775922 0.0 0.0 0.0 0.0 0.0 0.0
0.11149550950927448 -0.8196796489786334 -16.4355739316741 -0.9872230226202265 -0.09814179625827675 -0.1255344233100338 0.1534306275728652 -0.37484363402594423 -0.9143037200803794 0.0 0.0 0.0 0.0 0.0 0.0
0.1321397824215387 -1.1731392345621037 -16.820709086640054 -0.8702348726327059 0.4661588039380971 -0.1593337251335717 -0.02911609127937578 -0.3716526246720763 -0.9279151792071125 0.0 0.0 0.0 0.0 0.0 0.0
-0.03400886358300071 -1.510096266729279 -17.213441388823664 -0.31492927968049067 0.9404339780320647 -0.1280760780267465 -0.0748279638251822 -0.15912162236294913 -0.9844191612958172 0.0 0.0 0.0 0.0 0.0 0.0
-0.35440024066682313 -1.6517888588870628 -17.659907695468416 0.3115915164372172 0.9474703619720735 -0.07218476341211878 -0.05856262679687456 -0.05654865980929868 -0.996680825448359 0.0 0.0 0.0 0.0 0.0 0.0
-0.827182366041253 -1.6178538140266245 -18.057496780436438 0.7885552935584609 0.6126568596176444 -0.05321767905852149 -0.11662852940420974 0.0640771393455104 -0.9911064051565339 0.0 0.0 0.0 0.0 0.0 0.0
-0.7937786158722706 -1.3790906022540503 -18.50181233857713 0.9876164762623334 0.15568159776466672 0.019414837949683107 -0.01827317932509929 0.23705540050903381 -0.9713242651179133 0.0 0.0 0.0 0.0 0.0 0.0
-0.7239008570086873 -1.0616011681145807 -18.876632572200045 0.8955407990613437 -0.44486751201345504 0.009978675840433552 0.1236156479873961 0.22696214485732355 -0.9660265816086115 0.0 0.0 0.0 0.0 0.0 0.0
-0.48522202537229536 -0.5063466313759808 -19.11212263513273 0.4807394439057381 -0.8642108294522958 -0.14842246908934206 0.2792383375483843 0.3113851862263747 -0.9083310060996379 0.0 0.0 0.0 0.0 0.0 0.0
-0.10284482954502418 -0.41077339069446867 -19.544827272796123 -0.10850411067120469 -0.9879289938910034 -0.11055840536549315 0.4361770234381133 0.05262596354381269 -0.8983207178874106 0.0 0.0 0.0 0.0 0.0 0.0
