t = 0
b = 60 60 60
E = 0 0 0
-0.23628923296928406 -1.644052267074585 -19.71245574951172 -0.04181256481977092 0.982877909636424 0.1794511748970342 -0.026006882981371007 -0.1806180583708559 0.983209417686759 0 0 0 0 0 0
0.043164271861314774 -1.71097731590271 -19.207721710205078 -0.4652198660111264 0.884146643184484 0.04307191212610063 -0.07626420878990421 -0.08851082935508979 0.9931513497672568 0 0 0 0 0 0
0.46973201632499695 -1.5699784755706787 -18.776382446289062 -0.8046413487267042 0.5912577534372994 -0.05446621814986089 0.0018373830699818753 0.0942098665521711 0.9955506642394834 0 0 0 0 0 0
0.5212406516075134 -1.1002748012542725 -18.454044342041016 -0.9983998869888142 -0.047190049031258834 0.031157100846363712 0.019795031871720575 0.22446319536612833 0.9742814945585413 0 0 0 0 0 0
0.2613101601600647 -0.9276978969573975 -18.016010284423828 -0.8097374124056662 -0.5854013920408878 0.04037986066304729 -0.14479377715024386 0.2660195304876703 0.953031149279857 0 0 0 0 0 0
-0.1442948877811432 -0.3716675937175751 -17.777061462402344 -0.3409636944453793 -0.9285157009921745 0.14697738629179846 -0.22980787006060188 0.23392849150445663 0.9447040826209333 0 0 0 0 0 0
-0.6276059150695801 -0.3287751376628876 -17.35577392578125 0.21400933967284502 -0.9670510659997941 0.13788487328729926 -0.2885934119611334 0.07226081758360976 0.9547210151739512 0 0 0 0 0 0
-1.0114110708236694 -0.7178056240081787 -16.981077194213867 0.8186558745186636 -0.5242312486021126 0.23448700839311384 -0.25875165303764897 0.027809938113285193 0.9655434684116605 0 0 0 0 0 0
-1.1786596775054932 -1.1043336391448975 -16.50459861755371 0.9922362383912398 0.06976399459436927 0.10295742946208261 -0.10211514354958691 -0.015543533171058197 0.9946511428809639 0 0 0 0 0 0
-1.0967228412628174 -1.1447007656097412 -16.025712966918945 0.856977096901075 0.4920760800780769 -0.1531384563132307 0.13259381364196912 0.07661879034586026 0.9882046557013461 0 0 0 0 0 0
-0.8310585618019104 -1.5360963344573975 -15.6101655960083 0.3604710425026921 0.9296556560520388 -0.07616422183332447 0.12377838522960505 0.0332569682475923 0.9917524315134955 0 0 0 0 0 0
-0.6901025176048279 -1.3937547206878662 -15.10815715789795 -0.10892014295710804 0.9592974953720563 -0.2605469589749664 0.29645650736454304 0.28152658393619207 0.9126096217871226 0 0 0 0 0 0
-0.12089401483535767 -1.2901933193206787 -14.825620651245117 -0.7574454009842962 0.647825283441892 -0.08123340852857912 0.23011425221599033 0.38132316949108896 0.8953435493353072 0 0 0 0 0 0
0.11206720024347305 -0.7672746181488037 -14.542522430419922 -0.9941176270315686 -0.04404855716908995 0.09894376299921345 0.07794773415361901 0.3432858433353272 0.9359909083457328 0 0 0 0 0 0
-0.004271551501005888 -0.17497418820858002 -14.168522834777832 -0.8480005220630862 -0.5217576712989472 0.09308086280988757 -0.1381908167756418 0.387221444824734 0.9115716377919657 0 0 0 0 0 0
-0.2978810667991638 0.09735705703496933 -13.705005645751953 -0.4407382446552774 -0.8956690876807276 0.059385899600476084 -0.3770635769200573 0.24477041080862266 0.8932583640542249 0 0 0 0 0 0
-0.8286678791046143 0.2519972622394562 -13.508338928222656 0.03249011134407961 -0.9588224244146908 0.28214172166552076 -0.3292884862532286 0.2562611755707232 0.9087900212459247 0 0 0 0 0 0
-1.1081582307815552 0.22562243044376373 -13.093472480773926 0.7016894615481052 -0.6532393594923225 0.2844472512828882 -0.11921167394430124 0.2859623936704808 0.9507965535284858 0 0 0 0 0 0
-1.5103579759597778 0.10484912246465683 -12.473487854003906 0.9290421723369818 -0.36968766012594423 0.014549088287108472 -0.00913095877886833 0.016401626225446577 0.9998237905995934 0 0 0 0 0 0
-1.4967540502548218 -0.21858380734920502 -12.051587104797363 0.9817404593903512 0.18934309305438538 -0.018299276177512595 0.020018845214964446 -0.007173074539541139 0.999773870851759 0 0 0 0 0 0
-1.2691220045089722 -0.5666368007659912 -11.651226997375488 0.6542216843655541 0.7533599968190053 -0.06665360379428746 0.1667667178018247 -0.057734620057406184 0.9843046151880187 0 0 0 0 0 0
-0.8252608776092529 -0.73288893699646 -11.338035583496094 0.10074138704252729 0.9949049292101327 0.00391851631722072 0.14923443031296565 -0.01900483490744365 0.9886191891012966 0 0 0 0 0 0
-0.4914494454860687 -0.629586935043335 -10.821989059448242 -0.3452257503162959 0.9385061702874499 -0.005034843685225909 0.055831111419755906 0.025891824695335023 0.9981044536578229 0 0 0 0 0 0
-0.4425126314163208 -0.3817689120769501 -10.385416984558105 -0.8392102137891924 0.5418195385320292 -0.04645217687942206 0.026120556560175725 0.125483966022619 0.991751728405966 0 0 0 0 0 0
-0.054745323956012726 0.03437640145421028 -10.111841201782227 -0.9901725908172605 0.032873700309242915 0.13593218979407257 0.13962967147584313 0.2870195305224755 0.9476936973211365 0 0 0 0 0 0
-0.22725524008274078 0.20257402956485748 -9.496471405029297 -0.8829664337243768 -0.448134808305834 -0.13980511614654637 -0.23017878369891503 0.1537430716110773 0.9609270500232988 0 0 0 0 0 0
-0.49281054735183716 0.5385878086090088 -9.223553657531738 -0.2672268735068385 -0.9553495889086233 0.126083151324371 -0.16129785241743774 0.1733406653506906 0.9715636965949801 0 0 0 0 0 0
-1.066914677619934 0.6689207553863525 -8.896562576293945 0.3586443799622097 -0.9295407183267714 0.08560526674260004 -0.3010617685992254 -0.02837603624961951 0.9531823603354538 0 0 0 0 0 0
-1.2028324604034424 0.4595473110675812 -8.372835159301758 0.7925335798453798 -0.6098187362843916 -0.0034108201322942126 -0.1754373978218602 -0.2333517316060953 0.9564354075429933 0 0 0 0 0 0
-1.5463424921035767 0.02685381844639778 -8.083195686340332 0.9934000349718641 -0.06740796189148979 0.09280375634388172 -0.11159645609270304 -0.3810265549192237 0.9178044429146861 0 0 0 0 0 0
-1.4188573360443115 -0.20940564572811127 -7.662078380584717 0.8145422732762325 0.568145217910374 0.11718317460950212 -0.011193380928670253 -0.18657309286437662 0.9823773151098342 0 0 0 0 0 0
-1.227989912033081 -0.6853654384613037 -7.257312774658203 0.4112964366747466 0.9078930552954977 0.08102741094754706 0.08584844829581881 -0.1270832664227523 0.9881699688416584 0 0 0 0 0 0
-0.8947739005088806 -0.7999131679534912 -6.858428478240967 -0.06760655792657622 0.9943068399435168 0.08236055710628871 0.23310765925848975 -0.06452284014750595 0.97030800382885 0 0 0 0 0 0
-0.48160964250564575 -0.5970170497894287 -6.479501724243164 -0.6878763865442944 0.6757399190128242 0.26495591838512794 0.17271785618542243 -0.20216262712529398 0.9640014597232265 0 0 0 0 0 0
-0.32175731658935547 -0.3950211703777313 -6.096371173858643 -0.9569370539271732 0.18344204226814326 0.22498998188736147 0.1762606624765252 -0.24865789834633956 0.9524187253793984 0 0 0 0 0 0
-0.07072274386882782 0.04138781502842903 -5.6182074546813965 -0.9764941367392558 -0.16710602328823432 0.13614249114309504 0.09275935589003942 0.24434449821146353 0.9652416630505821 0 0 0 0 0 0
-0.16514256596565247 0.24513842165470123 -5.039299964904785 -0.7460063497748496 -0.6649735390374077 0.035842969682632765 0.08694415524118651 -0.0438939719930532 0.9952457149327847 0 0 0 0 0 0
-0.5369633436203003 0.4766981899738312 -4.58306884765625 -0.23355900687282558 -0.9719181494785526 -0.02872805288851935 -0.049593787358211974 -0.017599395125505096 0.9986143988280387 0 0 0 0 0 0
-0.6925492882728577 0.3017790615558624 -4.1121907234191895 0.4058220576454043 -0.9005374187071383 -0.156015432046752 0.022585364491404854 -0.16077065465102588 0.9867333469148953 0 0 0 0 0 0
-1.0308423042297363 0.17447496950626373 -3.559499740600586 0.6918803089239937 -0.6535782124673254 -0.3068177933420008 0.1984424288009421 -0.23644576390334665 0.9511645510550455 0 0 0 0 0 0
-0.8824779987335205 -0.14308331906795502 -3.1922895908355713 0.9872226897066628 -0.10450036633109655 -0.1202956124096339 0.06444250157904557 -0.4286100950339724 0.9011884100592973 0 0 0 0 0 0
-0.9053255319595337 -0.7492845058441162 -2.9732296466827393 0.859889754696574 0.5076206033553653 0.05395306123845864 0.25685932359496266 -0.521585973779767 0.8136162239278115 0 0 0 0 0 0
-0.5555741786956787 -1.0892655849456787 -2.5486671924591064 0.5697817969165506 0.8170549231800058 -0.0881473562272934 0.4618820951275705 -0.2296751746580151 0.8566879503917258 0 0 0 0 0 0
-0.1110747903585434 -1.1551988124847412 -2.2880682945251465 0.045169051387212236 0.9833930303752174 0.17577799807207448 0.47553458642153934 -0.1759090453151763 0.8619297331529983 0 0 0 0 0 0
0.33827143907546997 -1.2082383632659912 -2.0861284732818604 -0.501948036737532 0.7476585028314193 0.43480447509106634 0.5095494906979342 -0.15058052909463637 0.8471628065413728 0 0 0 0 0 0
0.929907500743866 -1.0074326992034912 -1.9010367393493652 -0.7525886864122604 0.35920998020878286 0.551886273794406 0.5892890781322777 -0.006608935131080933 0.8078952310605897 0 0 0 0 0 0
1.1087429523468018 -0.8887879848480225 -1.4328733682632446 -0.9081193368561907 -0.254260785147715 0.33267209555948607 0.3686345117422548 -0.10871889133401134 0.9231948870198823 0 0 0 0 0 0
1.1873079538345337 -0.4109666049480438 -0.9387969374656677 -0.6760905182939435 -0.722724707693106 0.14342457238193573 0.20561741208743364 0.0018592213572070687 0.9786306878196757 0 0 0 0 0 0
1.0683188438415527 -0.5569322109222412 -0.4040129780769348 0.06856869254553674 -0.9678589846902926 -0.24196553505999854 0.12009508777323541 -0.23276492466682566 0.9650894568575422 0 0 0 0 0 0
0.44944411516189575 -0.6394822597503662 -0.03560294210910797 0.6812199730597076 -0.7190905376137554 -0.137288553852429 -0.028794393876618488 -0.21370599703161652 0.9764735683642445 0 0 0 0 0 0
0.2909708619117737 -1.1610734462738037 0.1644880473613739 0.9692141556033069 0.07965977082396489 0.23297691192571413 -0.2194016135866619 -0.15001480127462333 0.9640324119831784 0 0 0 0 0 0
0.4416028559207916 -1.2508409023284912 0.7067993879318237 0.7423907063568886 0.6686505715136231 0.04198157130724007 -0.011135377680112114 -0.05033861001492578 0.9986701295751699 0 0 0 0 0 0
0.7699345946311951 -1.4693849086761475 1.071420431137085 0.10360551965519081 0.9932352094642686 -0.052437724754685965 0.11818166477072135 0.04005454976034152 0.9921838172211425 0 0 0 0 0 0
1.0822840929031372 -1.3585450649261475 1.5261046886444092 -0.507455764882329 0.8541601090952106 -0.1135744457091834 0.1313863029423756 0.20696537152882943 0.9694859330527018 0 0 0 0 0 0
1.327194094657898 -1.1537797451019287 1.951943039894104 -0.9199207515859348 0.3906038343478491 -0.034270328191120865 0.14912354961338015 0.4293551614547276 0.8907391943116069 0 0 0 0 0 0
1.4106255769729614 -0.6656358242034912 2.2072651386260986 -0.9695390204320812 -0.23471634587099965 0.07001660403479797 -0.02564752350729176 0.3815691831551329 0.9239843954333145 0 0 0 0 0 0
1.2896891832351685 -0.3258378207683563 2.6081299781799316 -0.7294557714471986 -0.6709435965616167 0.13315016986596154 -0.17152594205132052 0.36785512878136833 0.9139263949753557 0 0 0 0 0 0
0.8281728625297546 0.12862993776798248 2.931901693344116 -0.09669672836622457 -0.9886055113321257 0.11536414385334384 -0.19897611378454866 0.13276819095888442 0.9709691620297236 0 0 0 0 0 0
0.6254280805587769 -0.03157971426844597 3.4282822608947754 0.4291631141514472 -0.9027832720091074 0.02830874833619712 -0.0993663645191845 -0.016038613364077203 0.9949216494194898 0 0 0 0 0 0
0.11483651399612427 -0.2966096103191376 3.8195126056671143 0.8740455503931531 -0.48552075029627284 0.017719392474748866 0.021495854005117564 0.0750815024247085 0.996945683703099 0 0 0 0 0 0
0.1338660567998886 -0.6278398036956787 4.26945686340332 0.975351033296171 0.19304645888497918 -0.10688043113714239 0.10549110204788095 0.017491982285941423 0.9942663918409553 0 0 0 0 0 0
0.24198636412620544 -0.7069718837738037 4.610458850860596 0.7157383318789621 0.6981513353864702 -0.017417036981325656 0.0759478112630595 -0.05302087766871003 0.995701118054806 0 0 0 0 0 0
0.6133692860603333 -1.01755690574646 5.007908344268799 0.15664373554989158 0.9801709770120903 -0.1213573068922507 0.18892143422710606 0.0908690953924452 0.9777788600660847 0 0 0 0 0 0
0.8236448168754578 -0.6638352870941162 5.429523944854736 -0.6047019859073881 0.7925644563265385 -0.07859447059099803 0.24142053519641424 0.2764407254878994 0.9302132285004341 0 0 0 0 0 0
1.0853376388549805 -0.3720185458660126 5.790500640869141 -0.9642187589330784 0.25500171777367525 -0.07250040588871735 0.01206261062709792 0.315392098289635 0.9488847758085912 0 0 0 0 0 0
1.3487272262573242 0.20306994020938873 6.04065465927124 -0.9823515604834847 -0.18427232614430702 0.03207992258451716 -0.054031488690795874 0.4437660545863174 0.8945123179849174 0 0 0 0 0 0
1.1234725713729858 0.5286695957183838 6.41568660736084 -0.6498821437967528 -0.7471305662920578 0.1394600877894675 -0.1921583481966968 0.3390490737789051 0.9209347939935724 0 0 0 0 0 0
0.7899253368377686 0.6661818027496338 6.885395050048828 -0.20247192981440584 -0.9526670972534452 0.22678297874383174 -0.35778688482120063 0.28753306868056816 0.8884330472607808 0 0 0 0 0 0
0.3618391752243042 0.7443525791168213 7.154813766479492 0.3886339780161387 -0.817372622163109 0.4252829971554879 -0.44548005584391004 0.2373461565460559 0.8632579694495279 0 0 0 0 0 0
-0.3054535984992981 0.61427903175354 7.319971084594727 0.8147629999374912 -0.35440756483048946 0.45886439382870203 -0.4402840342016388 0.13674129388669817 0.8873848025368263 0 0 0 0 0 0
-0.5440300107002258 0.2955153286457062 7.812688827514648 0.9096971309670729 0.17253633013600314 0.37773316599615153 -0.41106814628569355 0.24502793736297582 0.8780571103412861 0 0 0 0 0 0
-0.5900822281837463 0.011114377528429031 8.292692184448242 0.6475161490614482 0.755623469855064 0.0987725088717775 -0.3941962328863074 0.22119802701472735 0.8920093961517649 0 0 0 0 0 0
-0.5669906735420227 0.13741900026798248 8.786455154418945 0.3215642834606336 0.9460264821429202 -0.0403770564397751 -0.1345170680080068 0.08784999155124874 0.987009390734949 0 0 0 0 0 0
-0.0012614368461072445 0.03700091317296028 9.305367469787598 -0.3878504079835518 0.9017486389615993 -0.19084405455212788 -0.14250316958354942 0.1458977237471054 0.9789824824091878 0 0 0 0 0 0
0.29613372683525085 0.3772032558917999 9.618558883666992 -0.872799965299112 0.47953088549115547 -0.09094146707601246 -0.06278954959163452 0.07446098706092033 0.9952452129339749 0 0 0 0 0 0
0.1947452276945114 0.5806868076324463 10.048338890075684 -0.9662880192192146 -0.05616585331971906 -0.25126253368593254 -0.25273534011878157 0.020753831910200127 0.9673128378741219 0 0 0 0 0 0
0.14104203879833221 1.127676248550415 10.502782821655273 -0.8810073752803885 -0.41438921478039864 -0.22827085529091354 -0.30398100411938306 0.12609959135445523 0.944295738735917 0 0 0 0 0 0
-0.2985454499721527 1.4456617832183838 10.812135696411133 -0.4011359624521932 -0.9150992730482952 -0.04102755286431614 -0.3201469485140783 0.09809118942905418 0.9422759945544179 0 0 0 0 0 0
-0.6662915945053101 1.4681684970855713 11.19467544555664 0.18428864064972753 -0.9826876252738317 0.01904542100224156 -0.42344706773063473 -0.06189470154241085 0.9038039758439345 0 0 0 0 0 0
-0.9655544757843018 1.2461836338043213 11.5494384765625 0.7220356950919233 -0.6629967345786746 0.19773665555768224 -0.34704300069289185 -0.09982519661206292 0.9325213594290677 0 0 0 0 0 0
-1.3426347970962524 0.83016037940979 11.881189346313477 0.979876741277809 -0.15086014547485443 0.1307011415791275 -0.144790474502856 -0.0864905530845108 0.9856749477999193 0 0 0 0 0 0
-1.3048858642578125 0.4432890713214874 12.341317176818848 0.8825024064258497 0.461871955952308 0.08867806356350935 -0.02332891931282459 -0.14533108972530798 0.9891080001106807 0 0 0 0 0 0
-1.0529303550720215 0.3265593349933624 12.82874584197998 0.3121117027737451 0.9454855775203639 -0.09296939115997964 -0.1345502299961858 0.14086214874669042 0.9808435607467885 0 0 0 0 0 0
-0.7877154350280762 0.3204939663410187 13.286201477050781 -0.16580989214272815 0.962925009540475 -0.21279686480090115 0.05419101157863843 0.22435462822521388 0.9729996583031312 0 0 0 0 0 0
-0.425517737865448 0.5148146152496338 13.6456937789917 -0.7826346704378728 0.6145231580302589 -0.09921824869004396 0.05651006158219276 0.22887413623517583 0.9718144075401327 0 0 0 0 0 0
-0.24480997025966644 0.8505079746246338 14.102439880371094 -0.9798134359635495 0.11684205691248349 -0.16221456297682793 -0.11317175626182388 0.3446974895782639 0.9318668329021358 0 0 0 0 0 0
-0.13528777658939362 1.43599534034729 14.288028717041016 -0.8424515770324154 -0.4927448498589249 0.21789413322322773 -0.020605822970585365 0.4335991476830069 0.9008702343780014 0 0 0 0 0 0
-0.3281022906303406 1.6336805820465088 14.743321418762207 -0.8251273369238755 -0.542477167918127 0.15774473096887084 -0.2424953598170212 0.5922774519882711 0.7683771341818382 0 0 0 0 0 0
-0.6316561698913574 1.8467695713043213 15.033357620239258 -0.39116913119597685 -0.795045547223753 0.4635615262713979 -0.23944401037613885 0.5742693474498082 0.7828673466651697 0 0 0 0 0 0
-1.1876479387283325 2.2178938388824463 15.223278999328613 0.2472957246264286 -0.8179675126664118 0.5193977019623917 -0.02060623872494348 0.5314863285020878 0.8468161934806051 0 0 0 0 0 0
-1.4300904273986816 2.25215744972229 15.662628173828125 0.7822849121032359 -0.48013826725129494 0.3968596233135294 -0.18362527264247763 0.4310401316589093 0.8834512800072487 0 0 0 0 0 0
-1.7490291595458984 2.2083189487457275 16.24510955810547 0.9741656578273921 -0.184294949237766 0.13052449116994705 -0.06134380758725339 0.34029280573496123 0.9383164410984849 0 0 0 0 0 0
-1.5999053716659546 2.274793863296509 16.73512077331543 0.929771731630743 0.27528669298816516 -0.24442128328770696 0.11712812213042635 0.4082303708889486 0.9053336220919177 0 0 0 0 0 0
-1.4486374855041504 2.2434141635894775 17.21058464050293 0.6339582335025297 0.6800868917795679 -0.36821023587613416 0.2562355609602465 0.26450961757606906 0.9297193122169451 0 0 0 0 0 0
-1.0206522941589355 1.9879820346832275 17.665441513061523 0.1124845849747892 0.8940971367244626 -0.4335176216074352 0.18101837971450077 0.4105470904318931 0.8936909044761752 0 0 0 0 0 0
-0.5406610369682312 2.1306746006011963 17.752880096435547 -0.4436113051353079 0.8941374101627143 -0.06105163145783133 0.40096297732088915 0.25893133670658536 0.8787395824072735 0 0 0 0 0 0
-0.3028561770915985 2.43764328956604 18.093957901000977 -0.7392447350334617 0.6730111050066273 0.02394314647379539 0.4845349755220528 0.5068552749406876 0.7129681533986241 0 0 0 0 0 0
-0.014294443652033806 2.825002908706665 18.14305877685547 -0.876356912551367 0.27627391708836097 0.39455200488666753 0.4810486198394945 0.4606875433549383 0.7458949073080668 0 0 0 0 0 0
0.1940731257200241 3.4708616733551025 18.173198699951172 -0.630353626761126 -0.42540529430615404 0.6493724977279138 0.6070435952796253 0.2512958487835527 0.7538888975267778 0 0 0 0 0 0
0.06086139380931854 3.8326704502105713 18.613298416137695 -0.2692684008705222 -0.7848399593987537 0.5581404540289069 0.3575146453835629 0.45667219379475665 0.8146372111258786 0 0 0 0 0 0
-0.10598831623792648 2.7524092197418213 19.14238166809082 0.10065683604838006 0.8497685973555765 -0.5174567926939074 -0.5952338297738816 -0.36531655637951593 -0.7157097886208696 0 0 0 0 0 0
-0.6786412596702576 2.751478433609009 18.905324935913086 0.7033372727341599 0.44856352607203004 -0.5514593764373774 -0.5727636422645637 -0.1018644828111732 -0.8133667298589508 0 0 0 0 0 0
-1.1475931406021118 3.12929368019104 18.662588119506836 0.878189079129535 -0.09698322447470804 -0.4683782610968489 -0.46041108077890447 0.09400051001997364 -0.88271486948617 0 0 0 0 0 0
-1.1351194381713867 3.4296858310699463 18.215621948242188 0.6063994643002132 -0.7088115796311898 -0.36036902513555774 -0.3887803880679993 0.13104616281637357 -0.9119631094867822 0 0 0 0 0 0
-1.1985317468643188 3.1919233798980713 17.59695053100586 0.4500973013777466 -0.8847498245476976 0.12095522830902472 -0.11690447181330528 -0.19266701069722747 -0.9742755090112071 0 0 0 0 0 0
-0.9885474443435669 3.2118284702301025 17.120540618896484 -0.244193834353834 -0.9167202642915326 0.3162172169582718 0.030346497891519938 -0.33315344927369667 -0.9423841410501127 0 0 0 0 0 0
-0.6254832148551941 3.0336363315582275 16.618431091308594 -0.5301718441332465 -0.6994844423770763 0.4792069809182489 0.041288369750525133 -0.585803474454133 -0.8094007411911666 0 0 0 0 0 0
-0.39879751205444336 2.47871994972229 16.418533325195312 -0.9131033876978232 -0.3130956941297024 0.26117674033535 -0.027676755496365325 -0.5914924153078227 -0.8058354173393678 0 0 0 0 0 0
-0.41843077540397644 2.1073286533355713 16.21756935119629 -0.9449181998443716 0.21806557759359155 -0.2440840008514398 -0.005114319748055804 -0.7554809832181216 -0.655150614537829 0 0 0 0 0 0
-0.5210081338882446 1.4605162143707275 16.16016387939453 -0.7531186989390789 0.5151398791006981 -0.40919815526029346 -0.13150444779351217 -0.7273150655005618 -0.6735869473990995 0 0 0 0 0 0
-0.7497040033340454 1.1833631992340088 15.858071327209473 -0.2354808524270659 0.7608724584863467 -0.6046667429726602 -0.08313747227221552 -0.6356523307580012 -0.7674856839746962 0 0 0 0 0 0
-1.235304355621338 0.8318541049957275 15.510171890258789 0.33442090770094424 0.8251550788761798 -0.4552820579567375 -0.07575319529429632 -0.4579974658923433 -0.885719918845058 0 0 0 0 0 0
-1.2641692161560059 0.7610228061676025 14.993228912353516 0.8400870716692003 0.50340546240587 -0.20208080669425266 -0.020670392968201567 -0.34255417472055977 -0.9392706597334213 0 0 0 0 0 0
-1.1970407962799072 0.7207472324371338 14.397650718688965 0.8467971976363827 0.5268531344405235 -0.07321393860027335 -0.03142022330084486 -0.08785746073872756 -0.995637401949258 0 0 0 0 0 0
-1.4467023611068726 1.1597425937652588 13.89202880859375 0.9745008318228852 -0.22425971265229538 -0.007463917042322368 -0.04672228665466233 -0.1702679965032779 -0.9842895088826862 0 0 0 0 0 0
-1.3363522291183472 1.3995954990386963 13.410194396972656 0.8094874408744985 -0.5862067117150478 0.033042006698836626 0.026380592091413687 -0.01990628797382002 -0.9994537528370235 0 0 0 0 0 0
-0.8861760497093201 1.585684061050415 13.00834846496582 0.23883851577713636 -0.9633608458954847 0.12203296266546595 0.10330125628683458 -0.09975062667878624 -0.9896356212903571 0 0 0 0 0 0
-0.5508889555931091 1.5506651401519775 12.602570533752441 -0.25486263781083096 -0.9472027000757742 0.1945561122588243 0.32853324453159866 -0.27405138590143846 -0.9038593613627298 0 0 0 0 0 0
-0.32218363881111145 1.2022078037261963 12.183523178100586 -0.7813480026147485 -0.6147998779174176 0.10731453267228667 0.232937773632207 -0.4468128964819967 -0.8637697778648193 0 0 0 0 0 0
-0.08298036456108093 0.7504026889801025 12.001493453979492 -0.9714774164988003 0.10640757389450954 -0.2119175723027727 0.17430850794759767 -0.2854630116137642 -0.9424051215148836 0 0 0 0 0 0
-0.1446298509836197 0.18213488161563873 11.632529258728027 -0.7138918668400397 0.6856851007339586 -0.14210680874294618 0.08997128561069828 -0.11143881818071455 -0.9896901320959222 0 0 0 0 0 0
-0.3324129581451416 0.18530870974063873 11.150385856628418 -0.06189194491526147 0.9945906014674668 -0.08342015719949657 0.1545396416456632 -0.07302282237667375 -0.9852843074829594 0 0 0 0 0 0
-0.6336776614189148 0.22477556765079498 10.634401321411133 0.2460388257072225 0.9636676987276408 0.10396856579555228 0.018719955977822455 0.10252142217806028 -0.9945546346193236 0 0 0 0 0 0
-0.832011342048645 0.3908827602863312 10.17489242553711 0.7421790514188228 0.65691297372438 0.13279909859501537 0.14443616203496232 0.03671506657077791 -0.9888327457074394 0 0 0 0 0 0
-1.0280888080596924 0.73866868019104 9.700360298156738 0.9711353431159959 -0.0175476046396355 0.23788280081247554 0.23819091782350976 0.12443028376751343 -0.9632145094151823 0 0 0 0 0 0
-0.8317515850067139 0.94569993019104 9.35721492767334 0.7429379476656242 -0.6679507083385208 0.04341724482804769 0.20804149603853406 0.16877234320474652 -0.9634493406999811 0 0 0 0 0 0
-0.5292118787765503 1.1873228549957275 9.010329246520996 0.2756267942133923 -0.9580754318505831 0.07823897491638805 0.40493448417519506 0.041905358269261235 -0.9133849158345532 0 0 0 0 0 0
0.01651553437113762 1.29567551612854 8.712718963623047 -0.2423382825259245 -0.9689672292023174 0.048730540263460374 0.419211176335382 -0.1498769092290618 -0.8954322429505479 0 0 0 0 0 0
0.2953243851661682 0.9835035800933838 8.386795043945312 -0.7596653329680843 -0.6175317987875463 -0.20387020226778357 0.4481211001519522 -0.2699008825415718 -0.8522564128253214 0 0 0 0 0 0
0.6734726428985596 0.577383279800415 8.190747261047363 -0.8753149819808375 -0.03285128841520013 -0.48243598038428637 0.4508157444279208 -0.41629554369265603 -0.7895968495868861 0 0 0 0 0 0
0.8360812664031982 0.15830828249454498 7.866893768310547 -0.7432062788785141 0.5028452886910064 -0.4413513823211738 0.25927696720480176 -0.39165263993530847 -0.8828270860756279 0 0 0 0 0 0
0.6836723685264587 -0.4447495639324188 7.45419454574585 -0.35810264750359044 0.8794012758570371 -0.3137130693355551 0.06081438318163387 -0.3133134525394521 -0.9477005282556543 0 0 0 0 0 0
0.33448901772499084 -0.5378282070159912 6.9573235511779785 0.1312969734413893 0.9811846825777258 -0.14155466590677498 -0.10282602242835515 -0.1285415090267451 -0.9863589050486088 0 0 0 0 0 0
0.2825945019721985 -0.4043366611003876 6.482321739196777 0.7159161213850724 0.6908097183154014 -0.10122272581762527 0.010556659106228895 -0.15567333197976194 -0.9877521807917378 0 0 0 0 0 0
0.05058654397726059 -0.2507264316082001 6.001784801483154 0.9553560138015609 0.28917696319077035 0.06059348853594586 0.06763091040926879 -0.01439650216097261 -0.997606536006427 0 0 0 0 0 0
0.0256014633923769 0.2552626430988312 5.562903881072998 0.8741856665760531 -0.4778009125376914 0.08663549117498649 0.07671683065146402 -0.04027808112221154 -0.9962390295887366 0 0 0 0 0 0
0.35394713282585144 0.4692137539386749 5.057510852813721 0.45693875482866636 -0.8727870238034149 0.1716093978079441 0.3441954783279882 -0.004406223238023329 -0.9388876705417664 0 0 0 0 0 0
0.6998716592788696 0.24666430056095123 4.712391376495361 -0.22772752722185424 -0.9730092115665865 0.03732623141959992 0.35720501583099823 -0.11913998245875963 -0.9263963737218012 0 0 0 0 0 0
1.2227256298065186 0.09477832168340683 4.4607977867126465 -0.6377788098095848 -0.7702144904836099 -0.002797929045269273 0.3984629356088012 -0.32683553117333713 -0.8569748097281852 0 0 0 0 0 0
1.3367525339126587 -0.23341535031795502 4.019383430480957 -0.9637465064156504 -0.24075242181048725 0.11502583520241916 -0.00011647713138423101 -0.43072007770569826 -0.9024855683578964 0 0 0 0 0 0
1.3176826238632202 -0.7307755947113037 3.7636163234710693 -0.888956258109592 0.44645754393741904 -0.1021392805396636 -0.08665252684356037 -0.38294278513920316 -0.919698952321604 0 0 0 0 0 0
1.147777795791626 -1.242929220199585 3.3337655067443848 -0.5694136655757466 0.8211958814532598 0.03748868815783549 -0.25031127949073984 -0.12976551414086723 -0.9594296090383416 0 0 0 0 0 0
0.8149964809417725 -1.1410996913909912 2.9786746501922607 0.14232761084497064 0.9821095837050486 -0.12330294719048072 -0.07272192841285023 -0.11385912775393069 -0.990831781966561 0 0 0 0 0 0
0.27217021584510803 -1.1220033168792725 2.5334229469299316 0.7016812546383969 0.7119548712230481 -0.027634728709685752 0.02180391379300775 -0.060224860875384235 -0.9979466696551715 0 0 0 0 0 0
0.08244922012090683 -0.8231446743011475 2.0765016078948975 0.9723616258233737 0.23296610097184312 0.015481098930707538 0.031807772159610025 -0.06648892670338148 -0.9972800450505739 0 0 0 0 0 0
0.20732003450393677 -0.5682313442230225 1.6103473901748657 0.9006691193590757 -0.38377828934785535 0.20373846484692376 0.15566443684815698 -0.15277368700364152 -0.9759245788789519 0 0 0 0 0 0
0.5652686953544617 -0.24334119260311127 1.173869013786316 0.49910746252632326 -0.8275478828970549 0.25701408981442386 0.17693708003488706 -0.19302325075502483 -0.9651089546660994 0 0 0 0 0 0
1.0126410722732544 -0.18994306027889252 0.8566949963569641 -0.1895365989178514 -0.956100619157799 0.22348933691952044 0.27901931797419 -0.2706783548123037 -0.9213476262699777 0 0 0 0 0 0
1.446332573890686 -0.4774415194988251 0.659217119216919 -0.693631820011877 -0.7203285293682403 0.0013069220324569365 0.285198831966774 -0.2762940046008383 -0.9177817002241982 0 0 0 0 0 0
1.5477322340011597 -0.8496034145355225 0.3765169680118561 -0.9644575734414934 -0.09215863878193022 -0.24764566285159945 0.2575370384042214 -0.11812390054633114 -0.959021072745382 0 0 0 0 0 0
2.232062578201294 0.3028853237628937 0.9074045419692993 0.5783385742416061 0.5738633311002784 0.5798321918992413 -0.17104024679899904 0.7802538242694792 -0.6016221436149025 0 0 0 0 0 0
2.8473122119903564 -0.851938009262085 0.7157060503959656 -0.38320041333359073 -0.7762560562425587 -0.5005836377347094 0.8503423345973391 -0.08486584247907844 -0.5193416050846145 0 0 0 0 0 0
3.3945953845977783 -1.1966722011566162 0.8258233070373535 -0.5803476463843363 -0.2818825014066439 -0.7640280523232734 0.8083450460542414 -0.08549359234027068 -0.5824681383460577 0 0 0 0 0 0
3.67826247215271 -1.377450704574585 0.4364738166332245 -0.6234668959869848 0.22809678971214375 -0.7478374717352484 0.6395939876975113 -0.4013280562711392 -0.6556335273236302 0 0 0 0 0 0
3.863776445388794 -1.9584977626800537 0.12609297037124634 -0.4748428613154651 0.6469979680365912 -0.5965885402974684 0.5426538909234238 -0.3184344621817517 -0.7772555872817434 0 0 0 0 0 0
4.085083484649658 -2.028695821762085 -0.34529027342796326 -0.13458097946192102 0.9592767396104855 -0.24834672699543772 0.48867027456745704 -0.15377913174336763 -0.8588092578648778 0 0 0 0 0 0
4.408303260803223 -1.95169997215271 -0.8910744786262512 -0.5185036348201474 0.8530526462592771 -0.05878063786945419 0.4381107166737863 0.2060001941863671 -0.8749988113881988 0 0 0 0 0 0
5.213961601257324 -1.8197953701019287 0.05649614334106445 0.6571101711992768 -0.48729534071702874 0.5751082279205645 0.2901480761290326 0.8676764896899046 0.4036726435591424 0 0 0 0 0 0
4.817591190338135 -1.3863770961761475 -0.923784613609314 -0.5710842543970325 -0.7677250122323066 0.2906218848825571 -0.5536796240510455 0.6216183975407719 0.5541023747914603 0 0 0 0 0 0
4.332133769989014 -1.0400025844573975 -0.6820648312568665 -0.2643551789161688 -0.9532735293696153 0.14623924775311709 -0.6920063382826452 0.29310661991096804 0.6597088275451621 0 0 0 0 0 0
3.7767202854156494 -0.7982423305511475 -0.585476815700531 0.0640440534298836 -0.9842022432402662 0.1650584854562109 -0.8547210479582176 0.031278453957185856 0.5181443703209124 0 0 0 0 0 0
3.3570094108581543 -0.9743058681488037 -0.39523550868034363 0.309390450006816 -0.8544198046682782 0.41742585788999853 -0.8290301977448811 -0.027324647435440667 0.558535849225108 0 0 0 0 0 0
2.7757062911987305 -1.27811598777771 -0.4796296954154968 0.6110077424743373 -0.21754987975389334 0.7611449194834585 -0.7857391908594672 -0.049638999949816014 0.6165629680993598 0 0 0 0 0 0
2.511051893234253 -1.42484450340271 -0.09791216999292374 0.6056146802792403 0.28334189027952533 0.7436048898730421 -0.6951054535292454 -0.26653234356661004 0.6676742606292329 0 0 0 0 0 0
2.370603561401367 -1.95554518699646 0.19391369819641113 0.37452777003398746 0.7529768268869789 0.5410682467532033 -0.5153729227996312 -0.31604166395720734 0.7965603662548905 0 0 0 0 0 0
2.1197705268859863 -1.8531434535980225 -0.9147001504898071 0.8631824311057315 0.42064817260765613 -0.27923324571447194 -0.18580975391924248 -0.24957814656484528 -0.9503607126274357 0 0 0 0 0 0
1.9796411991119385 -1.761117696762085 -1.3718907833099365 0.8729750401260602 -0.4816615195232042 0.07692047794639324 -0.10004586242569112 -0.33116313241966133 -0.9382546590012212 0 0 0 0 0 0
0.6822465658187866 -1.7261064052581787 -0.6962653994560242 0.2292911957648592 0.9534085977771487 0.19605507703023684 -0.31181628501149683 0.26275447324292417 -0.9130885450997962 0 0 0 0 0 0
0.34522363543510437 -1.4480607509613037 -0.903632402420044 0.6978970700140374 0.704420917604907 -0.12934778895088492 -0.38662931602315265 0.21852793862744424 -0.8959705977490049 0 0 0 0 0 0
-0.04225483909249306 -1.0463273525238037 -0.9594513773918152 0.840112194110618 0.28134510257213585 -0.46374177573873765 -0.5407845480864456 0.3682582713214914 -0.7562657721689154 0 0 0 0 0 0
-0.14704862236976624 -0.70243239402771 -1.2974895238876343 0.7357400125231501 -0.35216396998494015 -0.5785042542772534 -0.4139382622029972 0.4422433179150176 -0.7956607083700186 0 0 0 0 0 0
-0.12766098976135254 -0.07085583359003067 -1.642659306526184 0.5347267241588898 -0.763374384160161 -0.36239050771011816 -0.22462427760649775 0.28501639733383366 -0.9318313083174452 0 0 0 0 0 0
-0.07804913818836212 0.15735460817813873 -2.163281202316284 0.22722431829905756 -0.9398581051151985 -0.25502127641198363 -0.07460683853205491 0.24430121602045402 -0.9668250800921435 0 0 0 0 0 0
-0.1209157183766365 0.08240344375371933 -2.67972731590271 -0.3321690726236979 -0.9432136972050934 0.003410072874743951 -0.05536477975234867 0.01588829361731778 -0.9983397734683838 0 0 0 0 0 0
0.14494480192661285 -0.03776715323328972 -3.049485445022583 -0.9112362924064394 -0.40806101062553674 0.05598777552851785 -0.13531556627436347 0.16820235723526467 -0.9764208439726944 0 0 0 0 0 0
0.31210625171661377 -0.4202897250652313 -3.5576298236846924 -0.9681945638455622 0.08430480837058149 0.2355673700356245 -0.24554395103832838 -0.13940156443088333 -0.9593098414707887 0 0 0 0 0 0
-0.04044690355658531 -0.5673158168792725 -3.932760000228882 -0.694093940134549 0.7073623715195861 0.13368649006793523 -0.28771595650257403 -0.10235423383642503 -0.9522306123988913 0 0 0 0 0 0
-0.4045819342136383 -0.9589097499847412 -4.338579177856445 -0.368061565277501 0.9243486457843104 0.10054981453084587 -0.23263728420149352 0.013152289502553347 -0.9724746327180954 0 0 0 0 0 0
-0.6564969420433044 -0.7829911708831787 -4.7180328369140625 0.17340373876585233 0.9840123410400048 -0.04063072806378483 -0.4421103570112802 0.04091143062359023 -0.8960271687106869 0 0 0 0 0 0
-1.0522494316101074 -0.70414137840271 -5.099137306213379 0.7135366612279955 0.692349957076932 -0.10731714690195183 -0.27194429466275927 0.13252478549716218 -0.9531439984752071 0 0 0 0 0 0
-1.2956361770629883 -0.4197785556316376 -5.535137176513672 0.9526280213610114 0.27593723181434593 -0.1279003401732786 -0.22574264562522275 0.3596988804234501 -0.9053490892292552 0 0 0 0 0 0
-1.4418632984161377 0.18780352175235748 -5.766188144683838 0.8693365179257398 -0.4149938231850589 -0.26839177580357765 -0.10248099810001962 0.3798902216957419 -0.9193372963653677 0 0 0 0 0 0
-1.371847152709961 0.3103163540363312 -6.268891334533691 0.5170710744327051 -0.8194874452198955 -0.24713929495727055 0.046209311743800725 0.31503840139519207 -0.9479533243543832 0 0 0 0 0 0
-1.1268521547317505 0.4699309170246124 -6.8179168701171875 0.06531220238600541 -0.9933230530408076 -0.09509799428578111 0.15734131982544758 0.10436073182234742 -0.9820145348868775 0 0 0 0 0 0
-0.7432174682617188 0.4929945766925812 -7.291783809661865 -0.5470595104524059 -0.8369088889328783 -0.01758987347053406 0.20164210003263944 -0.11135425790608425 -0.9731087774450565 0 0 0 0 0 0
-0.2390715777873993 0.2846205532550812 -7.6161603927612305 -0.9187353327102518 -0.37769848759635766 -0.11519219112946492 0.13673072040650697 -0.030615742861643876 -0.9901350344201278 0 0 0 0 0 0
-0.25008922815322876 0.09222247451543808 -8.033976554870605 -0.9747378842563673 0.17170681840164057 -0.14283845949115603 0.12155888582653913 -0.12867702825675956 -0.9842081383912753 0 0 0 0 0 0
-0.21722833812236786 -0.3525559604167938 -8.514019966125488 -0.8574758555497123 0.514446104098069 0.008964548377216353 -0.0796273745167536 -0.11546908972108484 -0.9901143219581023 0 0 0 0 0 0
-0.5099763870239258 -0.5119187831878662 -8.850263595581055 -0.2641325894784101 0.9496802941283594 -0.1683487871049342 -0.15297947228860656 -0.21358955453804074 -0.9648713817139262 0 0 0 0 0 0
-1.0517078638076782 -0.6601426601409912 -9.263898849487305 0.3271276715405137 0.9435154990509816 -0.052592675945028124 -0.12640575365182838 -0.011464047268338513 -0.9919123756985506 0 0 0 0 0 0
-1.2951524257659912 -0.3885132968425751 -9.654926300048828 0.7013815172548287 0.70903855114831 -0.07299520695785226 -0.11722850810311894 0.013732592113591026 -0.9930100164659766 0 0 0 0 0 0
-1.356651782989502 -0.07080242782831192 -9.991857528686523 0.9794928031982322 -0.016335883540564516 -0.2008158046365343 -0.20147028795729344 -0.08876258184776076 -0.9754644673867546 0 0 0 0 0 0
-1.4484926462173462 0.4594481289386749 -10.466909408569336 0.8164235407589299 -0.5760598106964979 -0.04009609201613839 -0.004862713088894261 0.06257510922725375 -0.9980284112822704 0 0 0 0 0 0
-1.1069549322128296 0.4596007168292999 -11.020505905151367 0.4480741194435131 -0.8821684060911255 0.1449430466754563 0.06610268523990975 -0.12899297385764566 -0.989439865630769 0 0 0 0 0 0
-0.8386626839637756 0.5318357944488525 -11.516727447509766 -0.027938960666494712 -0.9787772774086694 0.20301343725317414 0.2899964675977898 -0.20229483360366174 -0.9354030409818386 0 0 0 0 0 0
-0.5408851504325867 0.4439604580402374 -11.895004272460938 -0.5856050722678621 -0.801137283701274 0.12347368949657472 0.2437347117589356 -0.3193036341512659 -0.9157721220377826 0 0 0 0 0 0
-0.24885264039039612 0.22263933718204498 -12.17318344116211 -0.9661746481650796 -0.25392431948444366 -0.04504430283007115 0.09701074051121801 -0.19602537788694493 -0.9757883825142344 0 0 0 0 0 0
-0.24107523262500763 -0.15474103391170502 -12.600626945495605 -0.9747202391829217 0.22136456185537573 0.03030158546619979 -0.12839171346006803 -0.4439480225991791 -0.8868064733328612 0 0 0 0 0 0
-0.42749297618865967 -0.81955885887146 -12.672987937927246 -0.6345614074989034 0.6782081248367537 -0.3706286005132695 0.03894986131411782 -0.4508750236859832 -0.891736856544449 0 0 0 0 0 0
-0.6106746196746826 -0.9353196620941162 -13.114578247070312 0.02189277993982713 0.9155495286237048 -0.40160897253848576 0.08935702401971485 -0.40188944598416526 -0.9113178344929287 0 0 0 0 0 0
-0.7777013182640076 -1.0793626308441162 -13.602721214294434 0.5135676643796413 0.8532694258757226 -0.09044081473181771 0.14506774623039967 -0.19022918166952787 -0.9709625159834824 0 0 0 0 0 0
-1.010134220123291 -1.0272462368011475 -14.113525390625 0.8508054762834497 0.524812809455646 -0.026486912945151708 0.08939160014497059 -0.1942203063736507 -0.9768764581131266 0 0 0 0 0 0
-1.1435580253601074 -0.8409364223480225 -14.555472373962402 0.9956330066419116 -0.0922706651136507 0.014178873180614794 0.013988733199489315 -0.0027071373461673895 -0.9998984882231109 0 0 0 0 0 0
-1.1098607778549194 -0.6047303676605225 -15.019137382507324 0.7871223970855538 -0.6103950330530451 0.0886354084464204 0.11296146502819901 0.0013868051087705595 -0.9935984018658008 0 0 0 0 0 0
-0.7870768308639526 -0.15870068967342377 -15.407610893249512 0.2250376185221687 -0.9718567013223653 0.06966076617926119 0.03461092982522967 -0.06347613099109307 -0.9973830078415388 0 0 0 0 0 0
-0.6067065596580505 -0.3261506259441376 -15.829546928405762 -0.3007391886656121 -0.9483216437269615 0.10120276893318379 0.19579844103666316 -0.16524875224474522 -0.9666208255407948 0 0 0 0 0 0
0.10476959496736526 -0.5270936489105225 -16.06989097595215 -0.7718921266954114 -0.6230477598093623 -0.12646752050297366 0.27517055918811417 -0.14809107950767134 -0.9499211522680993 0 0 0 0 0 0
0.10195570439100266 -0.8159501552581787 -16.477310180664062 -0.9872218920365149 -0.09814980339279632 -0.12553705420233172 0.15352967283816427 -0.37484613374281495 -0.9142860687860611 0 0 0 0 0 0
0.12259998172521591 -1.16941237449646 -16.862445831298828 -0.8702364000667705 0.46615681380277807 -0.1593312051798703 -0.029171971489830948 -0.3716218158662603 -0.9279257632222849 0 0 0 0 0 0
-0.043548669666051865 -1.5063722133636475 -17.255178451538086 -0.3149291069657323 0.9404344862500713 -0.12807277094422054 -0.074823285096042 -0.15911944211130782 -0.9844198693391062 0 0 0 0 0 0
-0.3639400601387024 -1.6480576992034912 -17.701644897460938 0.311595054826482 0.9474693520874256 -0.07218274490981753 -0.05859561501355714 -0.05666088698241266 -0.9966725128082691 0 0 0 0 0 0
-0.8367221355438232 -1.6141297817230225 -18.099233627319336 0.7885525088863878 0.6126606902165119 -0.05321484184333069 -0.11665315905718095 0.06405773828954248 -0.9911047606823452 0 0 0 0 0 0
-0.8033183813095093 -1.3753602504730225 -18.543548583984375 0.9876160066164463 0.15568447204580005 0.019415680230272195 -0.018273258649892443 0.23705564464044981 -0.9713242040443629 0 0 0 0 0 0
-0.733440637588501 -1.057870626449585 -18.91836929321289 0.895534411017423 -0.4448803448683593 0.009979851375981176 0.12353369265826947 0.227000038055326 -0.9660281618571444 0 0 0 0 0 0
-0.4947618246078491 -0.5026185512542725 -19.153860092163086 0.48074060951850733 -0.8642105811216783 -0.1484201395940088 0.2792604261548161 0.31134482021727067 -0.9083380523283752 0 0 0 0 0 0
-0.11238463222980499 -0.4070450961589813 -19.586563110351562 -0.10850300265465551 -0.9879291873616708 -0.1105577639690346 0.43617713669502584 0.05262502770689957 -0.89832071771911 0 0 0 0 0 0
