t = 0
b = 80.451325 80.451325 80.451325
E = 0.000000 0.000000 0.000000
0.14123412280635317 0.5788879715820009 -20.030277439047484 2.3660980648642736e-17 -1.0 0.0 0.0 0.0 1.0 0.0 0.0 0.0 0.0 0.0 0.0
-0.23229631368865933 0.541981685841747 -19.633998591218596 0.5863027536146137 -0.8100920201458113 0.0 0.0 0.0 1.0 0.0 0.0 0.0 0.0 0.0 0.0
-0.7092297194177036 0.17341952336229163 -19.24774741723409 0.9499257899463776 -0.31247558879815046 0.0 0.0 0.0 1.0 0.0 0.0 0.0 0.0 0.0 0.0
-0.6748062925569382 -0.27214428269546853 -18.857984562103777 0.9527074843672951 0.30388887645081725 0.0 0.0 0.0 1.0 0.0 0.0 0.0 0.0 0.0 0.0
-0.44775377631681934 -0.3770368631134069 -18.464721765672692 0.5933459596278947 0.804947558660347 0.0 0.0 0.0 1.0 0.0 0.0 0.0 0.0 0.0 0.0
0.048386505048133376 -0.7193516670579947 -18.078458851843155 0.008766684178070774 0.999961571885901 0.0 0.0 0.0 1.0 0.0 0.0 0.0 0.0 0.0 0.0
0.46239214017374974 -0.5510793320028174 -17.688695996712838 -0.5793310715858218 0.8150923318834643 0.0 0.0 0.0 1.0 0.0 0.0 0.0 0.0 0.0 0.0
0.666709357012245 -0.2085316655638327 -17.299853429813513 -0.9472168418945457 0.3205935969905253 0.0 0.0 0.0 1.0 0.0 0.0 0.0 0.0 0.0 0.0
0.6685548250763088 0.27385022892697813 -16.909166617750646 -0.9552896542970801 -0.2956715684555501 0.0 0.0 0.0 1.0 0.0 0.0 0.0 0.0 0.0 0.0
0.42841262620333403 0.4017778527823432 -16.519356069499878 -0.600261187751681 -0.7998040425497618 0.0 0.0 0.0 1.0 0.0 0.0 0.0 0.0 0.0 0.0
-0.006072701658519926 0.7075853629035126 -16.13056486442258 -0.017367570607118736 -0.9998491723711166 0.0 0.0 0.0 1.0 0.0 0.0 0.0 0.0 0.0 0.0
-0.22288095797135477 0.5458793143930499 -15.736370039915474 0.5719317387460597 -0.8203012167581546 0.0 0.0 0.0 1.0 0.0 0.0 0.0 0.0 0.0 0.0
-0.6734757767864132 0.22193999160423203 -15.35103915416195 0.9443203170309362 -0.3290275654752837 0.0 0.0 0.0 1.0 0.0 0.0 0.0 0.0 0.0 0.0
-0.6742868933524017 -0.2118793001629348 -14.961276299031638 0.9578776609462349 0.287176577492263 0.0 0.0 0.0 1.0 0.0 0.0 0.0 0.0 0.0 0.0
-0.3963445057525241 -0.6061465426156375 -14.570593155670345 0.6073462475588494 0.7944372445802026 0.0 0.0 0.0 1.0 0.0 0.0 0.0 0.0 0.0 0.0
-0.008701715440386492 -0.7000362867937415 -14.181750588771017 0.0261446187081243 0.999658171032782 0.0 0.0 0.0 1.0 0.0 0.0 0.0 0.0 0.0 0.0
0.40481475947547785 -0.5689128903498473 -13.7919877336407 -0.5648713400136671 0.8251789922381471 0.0 0.0 0.0 1.0 0.0 0.0 0.0 0.0 0.0 0.0
0.5038447992486498 -0.2919112467715426 -13.401253228457383 -0.9414871838631007 0.3370487837413567 0.0 0.0 0.0 1.0 0.0 0.0 0.0 0.0 0.0 0.0
0.6731553768490255 0.2620590220709087 -13.011541735149095 -0.9602898274824081 -0.27900438568919844 0.0 0.0 0.0 1.0 0.0 0.0 0.0 0.0 0.0 0.0
0.4168605519861683 0.5676641977416808 -12.622699168249765 -0.614509244675227 -0.7889096197972755 0.0 0.0 0.0 1.0 0.0 0.0 0.0 0.0 0.0 0.0
0.006222117868044134 0.7075177698563468 -12.232936313119454 -0.034539439021256925 -0.9994033355718286 0.0 0.0 0.0 1.0 0.0 0.0 0.0 0.0 0.0 0.0
-0.45635712608593565 0.5706555235970884 -11.842253169758159 0.5577960110858773 -0.829978078033802 0.0 0.0 0.0 1.0 0.0 0.0 0.0 0.0 0.0 0.0
-0.7028828656961725 0.19790443766142285 -11.45249031462785 0.9384958990196415 -0.34529038145206836 0.0 0.0 0.0 1.0 0.0 0.0 0.0 0.0 0.0 0.0
-0.5898171519135947 -0.049597176567269315 -11.062632073256632 0.9626524022560211 0.27074031746766886 0.00018146133878616734 -5.78809904411361e-05 -0.00022370182682406002 0.9999999733036414 0.0 0.0 0.0 0.0 0.0 0.0
-0.4304040641208991 -0.5564224067393826 -10.673884892598203 0.6210902949479786 0.7837390162046503 0.0 0.0 0.0 1.0 0.0 0.0 0.0 0.0 0.0 0.0
-0.15995930187054858 -0.5596423260546295 -10.279693981372779 0.04359292485472437 0.9990493766088893 0.0 0.0 0.0 1.0 0.0 0.0 0.0 0.0 0.0 0.0
0.2245171988729749 -0.5378059697112 -9.893383863583 -0.5505059660152789 0.8348312292802567 0.0 0.0 0.0 1.0 0.0 0.0 0.0 0.0 0.0 0.0
0.6925261211552007 -0.1964516318384597 -9.503676038976282 -0.9354679832590577 0.35341144901832416 0.0 0.0 0.0 1.0 0.0 0.0 0.0 0.0 0.0 0.0
0.5797487673162715 0.026786413086013944 -9.110401502700162 -0.9649664642606874 -0.2623732510227125 0.0 0.0 0.0 1.0 0.0 0.0 0.0 0.0 0.0 0.0
0.4266473137100045 0.560214732438259 -8.725070616946644 -0.6279458644293563 -0.7782570213920775 0.0 0.0 0.0 1.0 0.0 0.0 0.0 0.0 0.0 0.0
0.15623385771307816 0.5658057446975031 -8.330875792439539 -0.05221976005570551 -0.9986356175601412 0.0 0.0 0.0 1.0 0.0 0.0 0.0 0.0 0.0 0.0
-0.398340057062762 0.5869815791158829 -7.945544906686019 0.5430963952483915 -0.839670355239604 0.0 0.0 0.0 1.0 0.0 0.0 0.0 0.0 0.0 0.0
-0.6654571068752801 0.24516353959885306 -7.555782051555707 0.9323266299194389 -0.3616172771633867 0.0 0.0 0.0 1.0 0.0 0.0 0.0 0.0 0.0 0.0
-0.6813912783623983 -0.1883640348068617 -7.166019196425396 0.9672773710320903 0.25372127914159637 0.0 0.0 0.0 1.0 0.0 0.0 0.0 0.0 0.0 0.0
-0.45400181967598024 -0.37497065038741484 -6.775270016435783 0.634797454673743 0.7726785822965052 0.0 0.0 0.0 1.0 0.0 0.0 0.0 0.0 0.0 0.0
0.010481480394458786 -0.7211199812162478 -6.385573197933787 0.061170732448874734 0.9981273172755409 0.0 0.0 0.0 1.0 0.0 0.0 0.0 0.0 0.0 0.0
0.38457953567134134 -0.5828406155947831 -5.996730631034458 -0.5357271575975038 0.8443911490609664 0.0 0.0 0.0 1.0 0.0 0.0 0.0 0.0 0.0 0.0
0.6889271249119512 -0.20857669053768488 -5.606047487673161 -0.9291441473715235 0.3697176671532543 0.0 0.0 0.0 1.0 0.0 0.0 0.0 0.0 0.0 0.0
0.5823843625264146 0.0417791735149096 -5.216233270720825 -0.969401619832344 -0.24548014067624208 0.0 0.0 0.0 1.0 0.0 0.0 0.0 0.0 0.0 0.0
0.43628821675311447 0.5526194084541114 -4.8274420656435195 -0.6413773995343559 -0.7672255413934989 0.0 0.0 0.0 1.0 0.0 0.0 0.0 0.0 0.0 0.0
0.14282988964545668 0.5730071613054707 -4.4367148978633475 -0.06985440541853466 -0.9975571973794901 0.0 0.0 0.0 1.0 0.0 0.0 0.0 0.0 0.0 0.0
-0.3880765864799676 0.5937622290052436 -4.047916355382898 0.5285381449054741 -0.8489095531208727 0.0 0.0 0.0 1.0 0.0 0.0 0.0 0.0 0.0 0.0
-0.6611418244430689 0.25666147267462136 -3.658153500252584 0.9258916406394698 -0.3777891869733052 0.0 0.0 0.0 1.0 0.0 0.0 0.0 0.0 0.0 0.0
-0.5913323256633012 -0.029125821789152396 -3.2673713019488133 0.9715142254072956 0.23698124362755474 -6.446604179592402e-16 8.770411496812753e-05 -0.0003910990393501693 0.9999999196747617 0.0 0.0 0.0 0.0 0.0 0.0
-0.4605431145808875 -0.36707927330359236 -2.87764146513266 0.6481275851092086 0.7615317678340842 0.0 0.0 0.0 1.0 0.0 0.0 0.0 0.0 0.0 0.0
-0.04554348367450034 -0.6988373995887497 -2.488864934861647 0.07859507269504265 0.9969066227827263 0.0 0.0 0.0 1.0 0.0 0.0 0.0 0.0 0.0 0.0
0.1807349142991312 -0.5506769977302968 -2.094670110354543 -0.5209200510448327 0.8536054711747395 0.0 0.0 0.0 1.0 0.0 0.0 0.0 0.0 0.0 0.0
0.6851080065743131 -0.22066139351960554 -1.70841893637004 -0.9225352086745138 0.38591292898252516 0.0 0.0 0.0 1.0 0.0 0.0 0.0 0.0 0.0 0.0
0.580183141582531 0.006398215543554807 -1.3151444000939188 -0.9736050974065493 -0.22823916032088662 0.0 0.0 0.0 1.0 0.0 0.0 0.0 0.0 0.0 0.0
0.4242082942005165 0.5886211552007513 -0.9288858887062691 -0.6547458753609596 -0.7558490846047315 0.0 0.0 0.0 1.0 0.0 0.0 0.0 0.0 0.0 0.0
0.15274272129607888 0.5703400152617986 -0.5390863465602254 -0.08688792181362992 -0.996218093111598 0.0 0.0 0.0 1.0 0.0 0.0 0.0 0.0 0.0 0.0
-0.20929208734444707 0.5548030640995538 -0.14932716013148625 0.5132945433239046 -0.858212509693202 0.0 0.0 0.0 1.0 0.0 0.0 0.0 0.0 0.0 0.0
-0.4934843860061048 0.329944675980277 0.2404283575956797 0.9190887169518549 -0.3940506698024928 0.0 0.0 0.0 1.0 0.0 0.0 0.0 0.0 0.0 0.0
-0.5918092568678093 -0.018879138295374496 0.6302609180558817 0.9754774584346777 0.22009935957612803 -1.6116034737455482e-16 8.114291975505894e-05 -0.00039257946306224143 0.9999999196485926 0.0 0.0 0.0 0.0 0.0 0.0
-0.4379292380840573 -0.5772958734444704 1.019921049542146 0.6614180317966009 0.7500174579396874 0.0 0.0 0.0 1.0 0.0 0.0 0.0 0.0 0.0 0.0
-0.18924238866713627 -0.5507200438287547 1.4131916725365896 0.09598589427672442 0.9953826942939571 0.0 0.0 0.0 1.0 0.0 0.0 0.0 0.0 0.0 0.0
0.19585730218361116 -0.5490211904202864 1.7995017903263675 -0.5058778168670021 0.8626051439690561 0.0 0.0 0.0 1.0 0.0 0.0 0.0 0.0 0.0 0.0
0.4819866752758864 -0.32663550716130557 2.189260976755106 -0.9156945166603944 0.40187504545329367 0.0 0.0 0.0 1.0 0.0 0.0 0.0 0.0 0.0 0.0
0.5801479220474288 -0.0038037097910307736 2.582484151209204 -0.9774041468130072 -0.21137912336069808 0.0 0.0 0.0 1.0 0.0 0.0 0.0 0.0 0.0 0.0
0.46146395867574547 0.36254108945761915 2.9687866870157302 -0.6677912119037602 -0.744348639619975 0.0 0.0 0.0 1.0 0.0 0.0 0.0 0.0 0.0 0.0
0.1854269390310715 0.5566290991625578 3.3620098614698284 -0.10461939563310552 -0.9945123337884572 0.0 0.0 0.0 1.0 0.0 0.0 0.0 0.0 0.0 0.0
-0.36726860053932137 0.6067934569930342 3.7473407472233498 0.4985097106186755 -0.8668841147574943 0.0 0.0 0.0 1.0 0.0 0.0 0.0 0.0 0.0 0.0
-0.48772085583470287 0.3384303827189481 4.138056908898802 0.9120979217459654 -0.40997241510459065 0.0 0.0 0.0 1.0 0.0 0.0 0.0 0.0 0.0 0.0
-0.699962579243954 -0.20055324019722945 4.527786745714955 0.9792680755707455 0.202568596203777 0.0 0.0 0.0 1.0 0.0 0.0 0.0 0.0 0.0 0.0
-0.44801083000704384 -0.5696466306644751 4.917549600845269 0.6742030282831295 0.7385460558786147 0.0 0.0 0.0 1.0 0.0 0.0 0.0 0.0 0.0 0.0
-0.17615637473585347 -0.5584974465837049 5.307374823902325 0.11303996445700616 0.9935904420009076 0.0 0.0 0.0 1.0 0.0 0.0 0.0 0.0 0.0 0.0
0.35334087529438546 -0.6023963513984645 5.696155022874909 -0.4908018193117838 0.8712712402921624 0.0 0.0 0.0 1.0 0.0 0.0 0.0 0.0 0.0 0.0
0.458515300931361 -0.3532088909759724 6.090349847382015 -0.9084577442757893 0.41797670612767945 0.0 0.0 0.0 1.0 0.0 0.0 0.0 0.0 0.0 0.0
0.5799248649917822 -0.014005635125616336 6.480112702512326 -0.9809311147305868 -0.19435572580556632 0.0 0.0 0.0 1.0 0.0 0.0 0.0 0.0 0.0 0.0
0.4443678093449167 0.5733190009391876 6.866371213899975 -0.6807014894588136 -0.7325609068524969 0.0 0.0 0.0 1.0 0.0 0.0 0.0 0.0 0.0 0.0
0.0675041089457619 0.7039139931837748 7.255206443396158 -0.12192034368632226 -0.9925398882641489 0.0 0.0 0.0 1.0 0.0 0.0 0.0 0.0 0.0 0.0
-0.189950692650857 0.5616341864287391 7.645929942474761 0.4832068517264714 -0.8755062183928746 0.0 0.0 0.0 1.0 0.0 0.0 0.0 0.0 0.0 0.0
-0.48179957149565633 0.34681336581357125 8.035685460201922 0.9049091334346334 -0.42560481696825375 0.0 0.0 0.0 1.0 0.0 0.0 0.0 0.0 0.0 0.0
-0.7034331709321435 -0.1883841570791265 8.42541529701808 0.9826327927810159 0.1855607570349423 0.0 0.0 0.0 1.0 0.0 0.0 0.0 0.0 0.0 0.0
-0.47760891374415665 -0.5171437312785047 8.814257863917412 0.6869414693666354 0.72671274769637 0.0 0.0 0.0 1.0 0.0 0.0 0.0 0.0 0.0 0.0
-0.08225362334308095 -0.6957281194191265 9.204020719047719 0.13051247094804985 0.9914466677169451 0.0 0.0 0.0 1.0 0.0 0.0 0.0 0.0 0.0 0.0
0.15145965406589965 -0.5595914533928152 9.598215543554824 -0.4755545682373356 0.879686223962045 0.0 0.0 0.0 1.0 0.0 0.0 0.0 0.0 0.0 0.0
0.6358335645727052 -0.2887503824343458 9.983546429308348 -0.9009746413575852 0.4338717502103248 0.0 0.0 0.0 1.0 0.0 0.0 0.0 0.0 0.0 0.0
0.6857599237265825 0.14220509865027356 10.373309284438657 -0.984187879533582 -0.17712768778254684 0.0 0.0 0.0 1.0 0.0 0.0 0.0 0.0 0.0 0.0
0.48500821789152376 0.32346403694137893 10.76750410894576 -0.6935175085981843 -0.7204397721307225 0.0 0.0 0.0 1.0 0.0 0.0 0.0 0.0 0.0 0.0
0.0378133071143461 0.7275952394928387 11.153762620333412 -0.13914908587019553 -0.9902714435453994 0.0 0.0 0.0 1.0 0.0 0.0 0.0 0.0 0.0 0.0
-0.39461654731157547 0.6147936722235268 11.543518138060579 0.46791343639973365 -0.8837743015253342 0.0 0.0 0.0 1.0 0.0 0.0 0.0 0.0 0.0 0.0
-0.6418920361160325 0.30185276099810027 11.932360704959907 0.8973584529876732 -0.4413023984203688 0.0 0.0 0.0 1.0 0.0 0.0 0.0 0.0 0.0 0.0
-0.587896219769899 0.03683963371683493 12.326551616185332 0.9856964559806395 0.1685304027978552 0.0 0.0 0.0 1.0 0.0 0.0 0.0 0.0 0.0 0.0
-0.4866308067763809 -0.5088119988331304 12.71188641522053 0.6995969831601289 0.7145376555180603 0.0 0.0 0.0 1.0 0.0 0.0 0.0 0.0 0.0 0.0
-0.09445238959209373 -0.6942588600254719 13.101649270350842 0.1478474999616499 0.9890101701980066 0.0 0.0 0.0 1.0 0.0 0.0 0.0 0.0 0.0 0.0
0.1415903576739454 -0.5622250919621194 13.495840181576266 -0.4603014499663837 0.8877626795258093 0.0 0.0 0.0 1.0 0.0 0.0 0.0 0.0 0.0 0.0
0.4640173749706504 -0.3516413770838225 13.882146630664476 -0.8933726222440186 0.4493165452382607 0.0 0.0 0.0 1.0 0.0 0.0 0.0 0.0 0.0 0.0
0.5789387180089223 -0.03437817954136339 14.275369805118572 -0.9871399331281457 -0.15985853878901815 0.0 0.0 0.0 1.0 0.0 0.0 0.0 0.0 0.0 0.0
0.47958367574548005 0.3376782988964544 14.661672340925097 -0.7059265322329942 -0.7082850634380902 0.0 0.0 0.0 1.0 0.0 0.0 0.0 0.0 0.0 0.0
0.09188741132859468 0.7009861469828598 15.050463546002403 -0.156432266346771 -0.9876886888314621 0.0 0.0 0.0 1.0 0.0 0.0 0.0 0.0 0.0 0.0
-0.3352117085387805 0.6249759866806122 15.440226401132714 0.45250739341449564 -0.8917606511307945 0.0 0.0 0.0 1.0 0.0 0.0 0.0 0.0 0.0 0.0
-0.46953877083822493 0.3632674923691007 15.83094256280817 0.889475349208439 -0.45698315412116197 0.0 0.0 0.0 1.0 0.0 0.0 0.0 0.0 0.0 0.0
-0.7097176567269312 -0.1638772305705565 16.22067239962432 0.988549984895134 0.15089376184531386 0.0 0.0 0.0 1.0 0.0 0.0 0.0 0.0 0.0 0.0
-0.4911254108945762 -0.3258944294435313 16.610504960084526 0.7119875678193784 0.7021920700710355 0.0 0.0 0.0 1.0 0.0 0.0 0.0 0.0 0.0 0.0
-0.10661558055312458 -0.6925832639615218 16.99927782165397 0.16506510469520813 0.9862826730770241 0.0 0.0 0.0 1.0 0.0 0.0 0.0 0.0 0.0 0.0
0.13171323471863505 -0.564690459419269 17.39346873287939 -0.44448396008198654 0.8957868101450451 0.0 0.0 0.0 1.0 0.0 0.0 0.0 0.0 0.0 0.0
0.43919542928700006 -0.37694685763481256 17.783235501291383 -0.8854237512189266 0.46478466065201046 0.0 0.0 0.0 1.0 0.0 0.0 0.0 0.0 0.0 0.0
0.7025123268372858 0.16525666236205686 18.169486675275888 -0.9897921906610363 -0.1425181367631044 0.0 0.0 0.0 1.0 0.0 0.0 0.0 0.0 0.0 0.0
0.4912484791564387 0.5035539712693974 18.558329242175216 -0.7181265173623026 -0.6959125699835363 0.0 0.0 0.0 1.0 0.0 0.0 0.0 0.0 0.0 0.0
0.20152177741253816 0.5544912244658372 18.949056409955386 -0.1736611088050553 -0.9848054728161286 0.0 0.0 0.0 1.0 0.0 0.0 0.0 0.0 0.0 0.0
-0.16050936252641462 0.5705858182671989 19.33881559638413 0.43687879750970493 -0.8995203812512945 0.0 0.0 0.0 1.0 0.0 0.0 0.0 0.0 0.0 0.0
-0.6690721119981217 0.2932429854425922 19.728538095797138 0.8813024090753758 -0.4725527100313139 0.0 0.0 0.0 1.0 0.0 0.0 0.0 0.0 0.0 0.0
-0.6713790152163539 -0.07409735739875328 20.112831271917532 0.9909750114901937 0.13404673290315733 0.0 0.0 0.0 1.0 0.0 0.0 0.0 0.0 0.0 0.0
0.39935039524144944 -0.43434936355809795 -0.23444826285868783 -0.5135081040703814 0.8580847435154889 0.0 0.0 0.0 -1.0 0.0 0.0 0.0 0.0 0.0 0.0
0.05197449518666353 -0.5814561810284103 -0.6302205623385772 0.08724795470604967 0.9961866262902807 0.0 0.0 0.0 -1.0 0.0 0.0 0.0 0.0 0.0 0.0
-0.3018791089457619 -0.5033018314158253 -1.0199760800657431 0.6548614548454909 0.7557489496900719 0.0 0.0 0.0 -1.0 0.0 0.0 0.0 0.0 0.0 0.0
-0.6926152817207054 -0.14325101211694305 -1.408763616441475 0.9736176069979342 0.22818579128336702 0.0 0.0 0.0 -1.0 0.0 0.0 0.0 0.0 0.0 0.0
-0.5789651326602488 0.12808904672458327 -1.7994981216247943 0.9225176271712685 -0.3859549553487978 0.0 0.0 0.0 -1.0 0.0 0.0 0.0 0.0 0.0 0.0
-0.35896177079553465 0.6117135193209388 -2.1882893267020993 0.5210421761307658 -0.853530931304142 0.0 0.0 0.0 -1.0 0.0 0.0 0.0 0.0 0.0 0.0
-0.09014244345307977 0.58195977146435 -2.582484151209204 -0.07842556754569995 -0.9969199718909914 0.0 0.0 0.0 -1.0 0.0 0.0 0.0 0.0 0.0 0.0
0.5089919875557641 0.5158524594975346 -2.9687353251937063 -0.6482382804631263 -0.7614375429030337 0.0 0.0 0.0 -1.0 0.0 0.0 0.0 0.0 0.0 0.0
0.7117391112937308 0.11757821671753932 -3.3584981803240206 -0.971551741520746 -0.23682739188701488 0.0 0.0 0.0 -1.0 0.0 0.0 0.0 0.0 0.0 0.0
0.5725835485638257 -0.09024418877670816 -3.751768803318463 -0.9259808469634034 0.3775704848858529 0.0 0.0 0.0 -1.0 0.0 0.0 0.0 0.0 0.0 0.0
0.4078656961728105 -0.4106676058542693 -4.141531658448775 -0.528416898315419 0.8489850302418247 0.0 0.0 0.0 -1.0 0.0 0.0 0.0 0.0 0.0 0.0
-0.11360501291382953 -0.712986469828598 -4.527783077013382 0.06976230409717991 0.9975636425447012 0.0 0.0 0.0 -1.0 0.0 0.0 0.0 0.0 0.0 0.0
-0.26929247867261485 -0.5172262659466228 -4.9210612819910775 0.641595519524368 0.7670431469782234 0.0 0.0 0.0 -1.0 0.0 0.0 0.0 0.0 0.0 0.0
-0.7193516670579949 -0.11627582765907489 -5.30731245597558 0.9694028909141861 0.24547512111661898 0.0 0.0 0.0 -1.0 0.0 0.0 0.0 0.0 0.0 0.0
-0.5810452864522188 0.11802946701103544 -5.697126672927917 0.9291259275202679 -0.3697634525066015 0.0 0.0 0.0 -1.0 0.0 0.0 0.0 0.0 0.0 0.0
-0.4200986146982859 0.4146121937857087 -6.090349847382015 0.5358416608915333 -0.844318491123464 0.0 0.0 0.0 -1.0 0.0 0.0 0.0 0.0 0.0 0.0
-0.07590910424982389 0.5873444470532989 -6.4766450457853955 -0.06113588249357202 -0.9981294524618197 0.0 0.0 0.0 -1.0 0.0 0.0 0.0 0.0 0.0 0.0
0.49997431908898804 0.5247197111998122 -6.866363876496829 -0.6347195355108941 -0.7727425905441184 0.0 0.0 0.0 -1.0 0.0 0.0 0.0 0.0 0.0 0.0
0.5134851686624402 0.27495499726070277 -7.25965797918134 -0.9673020068060084 -0.25362734006622567 0.0 0.0 0.0 -1.0 0.0 0.0 0.0 0.0 0.0 0.0
0.5741371213899976 -0.08017922830085307 -7.649397354621587 -0.9323847651042351 0.3614673564812184 0.0 0.0 0.0 -1.0 0.0 0.0 0.0 0.0 0.0 0.0
0.41503874148861236 -0.40341238162322923 -8.039160209751895 -0.5432587196164588 0.8395653420435396 0.0 0.0 0.0 -1.0 0.0 0.0 0.0 0.0 0.0 0.0
-0.055163041544821316 -0.6982148320490653 -8.424495008787096 0.05208847452575823 0.9986424739723319 0.0 0.0 0.0 -1.0 0.0 0.0 0.0 0.0 0.0 0.0
-0.26016279251780544 -0.5217695859747985 -8.8186898332942 0.6281031566464681 0.7781300820625959 0.0 0.0 0.0 -1.0 0.0 0.0 0.0 0.0 0.0 0.0
-0.6870584217379239 -0.16718250834240503 -9.204020719047719 0.9650347360385934 0.2621220292896469 0.0 0.0 0.0 -1.0 0.0 0.0 0.0 0.0 0.0 0.0
-0.5829530112702512 0.1079405376849026 -9.594755224231038 0.9354840872193227 -0.35336881944992055 0.0 0.0 0.0 -1.0 0.0 0.0 0.0 0.0 0.0 0.0
-0.352841042498239 0.6395574078422166 -9.98446671753933 0.5503015394104993 -0.8349659967462356 0.0 0.0 0.0 -1.0 0.0 0.0 0.0 0.0 0.0 0.0
0.04039573950351128 0.7061623513842344 -10.373309284438657 -0.04350204219252611 -0.9990533380781428 0.0 0.0 0.0 -1.0 0.0 0.0 0.0 0.0 0.0 0.0
0.24692416060108 0.5315253971980903 -10.76750410894576 -0.6211211559326388 -0.783714558785852 0.0 0.0 0.0 -1.0 0.0 0.0 0.0 0.0 0.0 0.0
0.7073219945996713 0.14250337520544726 -11.153755282930264 -0.9627253503605279 -0.270480867665717 0.0 0.0 0.0 -1.0 0.0 0.0 0.0 0.0 0.0 0.0
0.5752157196525005 -0.09530552946701104 -11.5434741136417 -0.9384514762463978 0.34541109815834936 0.0 0.00028732143139961844 0.0007776806750985611 -0.9999996563295221 0.0 0.0 0.0 0.0 0.0 0.0
0.4069910777177741 -0.4163279232214135 -11.93335069852078 -0.5577110592137436 0.8300351645747811 0.0 0.0 0.0 -1.0 0.0 0.0 0.0 0.0 0.0 0.0
0.10663692572591374 -0.5701142678249979 -12.326555529467011 0.03517936043224989 0.9993810147284057 0.0 0.0 0.0 -1.0 0.0 0.0 0.0 0.0 0.0 0.0
-0.25095092744775765 -0.5261642012992094 -12.716318384597326 0.614375425067516 0.7890138383280163 0.0 0.0 0.0 -1.0 0.0 0.0 0.0 0.0 0.0 0.0
-0.5295844094857948 -0.26033473233153326 -13.102620920403849 0.9602678246871404 0.27908010475601325 0.0 0.0 0.0 -1.0 0.0 0.0 0.0 0.0 0.0 0.0
-0.6647650563512563 0.3029320262972529 -13.492332413712136 0.9415560914536525 -0.3368562403259304 0.0 0.0 0.0 -1.0 0.0 0.0 0.0 0.0 0.0 0.0
-0.4341981685841747 0.3998473820145575 -13.885606949988262 0.5651726511050745 -0.8249726507241689 0.0 0.0 0.0 -1.0 0.0 0.0 0.0 0.0 0.0 0.0
-0.12027862565547467 0.5766651013539955 -14.275369805118572 -0.026202849259304682 -0.9996566463994996 0.0 0.0 0.0 -1.0 0.0 0.0 0.0 0.0 0.0 0.0
0.2617435137356186 0.5280729044376615 -14.66166500352195 -0.6072615252636822 -0.794502007508116 0.0 0.0 0.0 -1.0 0.0 0.0 0.0 0.0 0.0 0.0
0.5036941379040462 0.29288174062769035 -15.05490725522423 -0.9578608431907912 -0.2872326671564819 0.0 0.0 0.0 -1.0 0.0 0.0 0.0 0.0 0.0 0.0
0.5767042341707755 -0.0599240823354465 -15.444654457227827 -0.9443999054950101 0.32879905489678046 0.0 0.0 0.0 -1.0 0.0 0.0 0.0 0.0 0.0 0.0
0.386774530939828 -0.5813855863163213 -15.829989256263028 -0.5719449878755521 0.820291979019687 0.0 0.0 0.0 -1.0 0.0 0.0 0.0 0.0 0.0 0.0
0.1166471002582766 -0.568075448070752 -16.224184080770137 0.017405833664610366 0.9998485070021557 0.0 0.0 0.0 -1.0 0.0 0.0 0.0 0.0 0.0 0.0
-0.485405905142052 -0.5386681145808874 -16.61043525475463 0.6004475836573323 0.7996641165389822 0.0 0.0 0.0 -1.0 0.0 0.0 0.0 0.0 0.0 0.0
-0.5248921401737499 -0.2694661305470768 -17.00024947170698 0.9553188324700864 0.29557727978988996 0.0 0.0 0.0 -1.0 0.0 0.0 0.0 0.0 0.0 0.0
-0.5858926195507551 0.06240510291930815 -17.39347264616107 0.947110266073741 -0.3209083107333426 0.0 0.0 0.0 -1.0 0.0 0.0 0.0 0.0 0.0 0.0
-0.42647555177271657 0.41296372387884467 -17.779775181967597 0.5791595373934696 -0.8152142235303443 0.0 0.0 0.0 -1.0 0.0 0.0 0.0 0.0 0.0 0.0
-0.10635198990373326 0.58278791969946 -18.169530699694768 -0.008345137558369409 -0.9999651787333057 0.0 0.0 0.0 -1.0 0.0 0.0 0.0 0.0 0.0 0.0
0.42455904430546365 0.5618262929838417 -18.558329242175216 -0.5933773572343468 -0.8049244137939802 0.0 0.0 0.0 -1.0 0.0 0.0 0.0 0.0 0.0 0.0
0.5138493484386003 0.28155083352899746 -18.94904540385067 -0.9527564438545157 -0.3037353431751018 0.0 0.0 0.0 -1.0 0.0 0.0 0.0 0.0 0.0 0.0
0.5783084350786569 -0.07502127846912422 -19.338767903263676 -0.9499994604304448 0.3122515415203964 0.0 0.00025983998464003036 0.0007871389125110339 -0.9999996564476984 0.0 0.0 0.0 0.0 0.0 0.0
0.3969383907162729 -0.5744626352750326 -19.727617807566155 -0.5862605987356821 0.8101225279981291 0.0 0.0 0.0 -1.0 0.0 0.0 0.0 0.0 0.0 0.0
0.007892205500306745 -0.6677131539283035 -20.112831271917532 -5.0525926484761374e-17 1.0 0.0 0.0 0.0 -1.0 0.0 0.0 0.0 0.0 0.0 0.0
0.546111081656303 0.22508312567693453 20.030315309515334 -0.9909466481037389 -0.1342561298282189 0.00017948680457893605 -0.0001412746445835393 0.00018947099251336234 -0.9999999720711086 0.0 0.0 0.0 0.0 0.0 0.0
0.5557385830007043 -0.17508511387649678 19.637334174688895 -0.8812911033352269 0.4725737596105939 -0.00018141027240416524 -0.0003846931285992926 -0.0009611332587200329 -0.9999994641168842 0.0 0.0 0.0 0.0 0.0 0.0
0.25825090983799015 -0.67206210378023 19.247740079830944 -0.436813414258489 0.8995521336330884 0.0 0.0 0.0 -1.0 0.0 0.0 0.0 0.0 0.0 0.0
-0.1879439128903498 -0.6976402911481568 18.85798823080535 0.17382789321596034 0.9847760474037236 0.0 0.0 0.0 -1.0 0.0 0.0 0.0 0.0 0.0 0.0
-0.3222939657196525 -0.4866752758863583 18.46471002582766 0.7182346171875125 0.6958010022078924 0.0 0.0 0.0 -1.0 0.0 0.0 0.0 0.0 0.0 0.0
-0.5612379666588401 -0.1846640936839634 18.078407490021128 0.9897269305928463 0.14297063635328375 0.0 0.0 0.0 -1.0 0.0 0.0 0.0 0.0 0.0 0.0
-0.6208421382171088 0.34329797149707925 17.689616284943828 0.8854036649355161 -0.46482292340068204 0.0 0.0 0.0 -1.0 0.0 0.0 0.0 0.0 0.0 0.0
-0.3046276334606929 0.6403089358008354 17.299853429813513 0.44459750430915823 -0.8957304612226091 0.0 0.0 0.0 -1.0 0.0 0.0 0.0 0.0 0.0 0.0
-0.03942631290600298 0.5872309618846363 16.905658605306407 -0.16506814465310068 -0.9862821643022767 0.0 0.0 0.0 -1.0 0.0 0.0 0.0 0.0 0.0 0.0
0.5516553181498005 0.46914621976989906 16.519407431321902 -0.7120328787563434 -0.702146124086685 0.0 0.0 0.0 -1.0 0.0 0.0 0.0 0.0 0.0 0.0
0.5509399213430383 0.1970753111058934 16.129611557877436 -0.9884888457806491 -0.1512937598423677 0.0 0.0 0.0 -1.0 0.0 0.0 0.0 0.0 0.0 0.0
0.6114221354778117 -0.3790392404320263 15.739878052359705 -0.889372321445949 0.4571836325218166 0.0 0.0 0.0 -1.0 0.0 0.0 0.0 0.0 0.0 0.0
0.37016122720513417 -0.44501839242388663 15.346607184785157 -0.45237406903057686 0.8918282915834858 0.0 0.0 0.0 -1.0 0.0 0.0 0.0 0.0 0.0 0.0
0.03586913986068717 -0.5793535258667917 14.956844329654848 0.15615612840106716 0.9877323845874395 0.0 0.0 0.0 -1.0 0.0 0.0 0.0 0.0 0.0 0.0
-0.5562228516083587 -0.4664350493073491 14.570593155670345 0.7058931871702524 0.7083182958999599 0.0 0.0 0.0 -1.0 0.0 0.0 0.0 0.0 0.0 0.0
-0.7011889261243568 -0.09486506293268443 14.181750588771017 0.9871110594300193 0.16003673437978178 0.0 0.0 0.0 -1.0 0.0 0.0 0.0 0.0 0.0 0.0
-0.6233747652030992 0.38119276825545906 13.791067445409718 0.8933054283055736 -0.44945012154831576 0.0 0.0 0.0 -1.0 0.0 0.0 0.0 0.0 0.0 0.0
-0.3156773179078884 0.6349690850747436 13.402224878510392 0.4601591374906984 -0.8878364535114653 0.0 0.0 0.0 -1.0 0.0 0.0 0.0 0.0 0.0 0.0
-0.04960475855052046 0.5865265711825935 13.008030054003289 -0.1476735767559135 -0.9890361544089858 0.0 0.0 0.0 -1.0 0.0 0.0 0.0 0.0 0.0 0.0
0.3007161305470768 0.5023949283869451 12.618267198872974 -0.6994396479719514 -0.7146916669759573 0.0 0.0 0.0 -1.0 0.0 0.0 0.0 0.0 0.0 0.0
0.691658306473991 0.10850462834496644 12.232936313119454 -0.985719802114456 -0.16839379952788627 0.0 0.0 0.0 -1.0 0.0 0.0 0.0 0.0 0.0 0.0
0.5646278469124207 -0.1302614072160914 11.838745401894027 -0.8972800520681321 0.441461785617521 0.0 0.0 0.0 -1.0 0.0 0.0 0.0 0.0 0.0 0.0
0.36082413712138994 -0.4570284984738201 11.452420609297961 -0.46792106491106783 0.8837702625753439 0.0 0.0 0.0 -1.0 0.0 0.0 0.0 0.0 0.0 0.0
0.021260125616341875 -0.5836023714486969 11.062665091570787 0.1391853200497067 0.9902663513836371 0.0 0.0 0.0 -1.0 0.0 0.0 0.0 0.0 0.0 0.0
-0.5023693141795983 -0.4935324126448803 10.673884892598203 0.6933474511348869 0.7206034360206419 0.0 0.0 0.0 -1.0 0.0 0.0 0.0 0.0 0.0 0.0
-0.5418095014479143 -0.22593331768020664 10.279690068091101 0.9841927079166332 0.17710085737715903 0.0 0.0 0.0 -1.0 0.0 0.0 0.0 0.0 0.0 0.0
-0.5744032245441025 0.13284025984190345 9.889927212960789 0.9011081641712734 -0.4335943685795253 0.0 0.0 0.0 -1.0 0.0 0.0 0.0 0.0 0.0 0.0
-0.32665229425032194 0.6294406853223475 9.504596327207265 0.4758138491500655 -0.879546008436738 0.0 0.0 0.0 -1.0 0.0 0.0 0.0 0.0 0.0 0.0
-0.05975972450496988 0.5856539093683963 9.110401502700162 -0.13065878786146515 -0.9914273958059524 0.0 0.0 0.0 -1.0 0.0 0.0 0.0 0.0 0.0 0.0
0.2919621194333568 0.5076308992721296 8.720638647569855 -0.6870871973885981 -0.7265749673534602 0.0 0.0 0.0 -1.0 0.0 0.0 0.0 0.0 0.0 0.0
0.5438519899037332 0.21633599436487438 8.334358123972763 -0.9825917336361638 -0.18577805303608416 0.0 0.0 0.0 -1.0 0.0 0.0 0.0 0.0 0.0 0.0
0.6244056703451515 -0.3573095210143227 7.944620949753462 -0.9048060205882851 0.42582398371532787 0.0 0.0 0.0 -1.0 0.0 0.0 0.0 0.0 0.0 0.0
0.2932429854425921 -0.657387297487673 7.554854425921577 -0.48318583888918637 0.8755178154080893 0.0 0.0 0.0 -1.0 0.0 0.0 0.0 0.0 0.0 0.0
0.056198638177976046 -0.577592549111685 7.161587227048604 0.12220143243733327 0.9925053198397799 0.0 0.0 0.0 -1.0 0.0 0.0 0.0 0.0 0.0 0.0
-0.3193898215543554 -0.49260389762855133 6.7752810225405025 0.6806876553995929 0.7325737613282399 0.0 0.0 0.0 -1.0 0.0 0.0 0.0 0.0 0.0 0.0
-0.6973290073783147 -0.11913096686517677 6.3864934861647695 0.9809665380289314 0.19417685564333628 0.0 0.0 0.0 -1.0 0.0 0.0 0.0 0.0 0.0 0.0
-0.637740400008538 0.31056870655367963 5.996730631034458 0.9085868406619485 -0.41769600545844204 0.0 0.0 0.0 -1.0 0.0 0.0 0.0 0.0 0.0 0.0
-0.3980277060342804 0.4358065273538388 5.602535806527355 0.4909511625639585 -0.871187095850884 0.0 0.0 0.0 -1.0 0.0 0.0 0.0 0.0 0.0 0.0
0.1361235031697582 0.7150849671284337 5.21628463254285 -0.1132151846180493 -0.9935704916974442 0.0 0.0 0.0 -1.0 0.0 0.0 0.0 0.0 0.0 0.0
0.30642096149330816 0.5028872681380605 4.826477752993659 -0.6742607592251572 -0.738493350389233 0.0 0.0 0.0 -1.0 0.0 0.0 0.0 0.0 0.0 0.0
0.5400585524771072 0.22587094975346322 4.436729572669639 -0.9792107382553249 -0.2028455818731616 0.0 0.0 0.0 -1.0 0.0 0.0 0.0 0.0 0.0 0.0
0.6306204508100492 -0.34628140408546615 4.0469923984503415 -0.9121656642898635 0.4098216696206196 0.0 0.0 0.0 -1.0 0.0 0.0 0.0 0.0 0.0 0.0
0.39314784378179546 -0.4248023792752603 3.6537215308757918 -0.4984947240022795 0.8668927327771822 0.0 0.0 0.0 -1.0 0.0 0.0 0.0 0.0 0.0 0.0
-0.09183404839662176 -0.6945932677325023 3.268390645122272 0.10452931888991955 0.9945218054383772 0.0 0.0 0.0 -1.0 0.0 0.0 0.0 0.0 0.0 0.0
-0.5308501115285279 -0.49467304531580186 2.8777075017609763 0.667933583042509 0.7442208869979366 0.0 0.0 0.0 -1.0 0.0 0.0 0.0 0.0 0.0 0.0
-0.6950699765914604 -0.1312123346638491 2.488864934861647 0.9774099959426217 0.21135207553143223 0.0 0.0 0.0 -1.0 0.0 0.0 0.0 0.0 0.0 0.0
-0.6422869218126318 0.3482771777412537 2.0981817915003522 0.9156557516305307 -0.4019633621437754 0.0 0.0 0.0 -1.0 0.0 0.0 0.0 0.0 0.0 0.0
-0.3190999941300774 0.6569213723878845 1.70841893637004 0.5059109851330983 -0.8625856914658728 0.0 0.0 0.0 -1.0 0.0 0.0 0.0 0.0 0.0 0.0
0.07709876411449551 0.7028574071307108 1.3195763694707108 -0.09595428940761233 -0.9953857414813014 0.0 0.0 0.0 -1.0 0.0 0.0 0.0 0.0 0.0 0.0
0.29765643343507864 0.5082399037332707 0.9288492016905375 -0.6614536137944844 -0.7499860777362585 0.0 0.0 0.0 -1.0 0.0 0.0 0.0 0.0 0.0 0.0
0.5360963547781169 0.23533619981216247 0.5391010213665179 -0.9755164024698081 -0.21992668894966658 0.0 0.0 0.0 -1.0 0.0 0.0 0.0 0.0 0.0 0.0
0.5436174375831572 -0.1028645221883071 0.15428895671910467 -0.9191168654053924 0.39398496776406394 -0.00018139271075691556 0.001337967299107673 0.0028158930557412405 -0.9999951402830941 0.0 0.0 0.0 0.0 0.0 0.0
