t = 0
b = 80.451325 80.451325 80.451325
E = 0.000000 0.000000 0.000000
0.5504283149914033 0.22131122707889933 20.030315309515334 -0.9909705120470934 -0.13407987185277645 0.0001794911269740373 -0.00014125041908820784 0.00018930400124066643 -0.9999999721061567 0.0 0.0 0.0 0.0 0.0 0.0
0.5600456386475697 -0.17884920169053767 19.637334174688895 -0.8813666513993393 0.47243284484229714 -0.0001814258236730234 -0.0003845267733663097 -0.0009612057705114728 -0.9999994641111701 0.0 0.0 0.0 0.0 0.0 0.0
0.2625579654848556 -0.6758335289974171 19.247740079830944 -0.43703763297926884 0.8994432207537494 0.0 0.0 0.0 -1.0 0.0 0.0 0.0 0.0 0.0 0.0
-0.1836148450340455 -0.7014153850669171 18.85798823080535 0.1736470094376347 0.984807959001838 0.0 0.0 0.0 -1.0 0.0 0.0 0.0 0.0 0.0 0.0
-0.31798935587383564 -0.49044767942396494 18.46471002582766 0.7181449331218676 0.6958935658787113 0.0 0.0 0.0 -1.0 0.0 0.0 0.0 0.0 0.0 0.0
-0.5569125675041089 -0.18843551890115048 18.078407490021128 0.9897525886698092 0.14279290325997063 0.0 0.0 0.0 -1.0 0.0 0.0 0.0 0.0 0.0 0.0
-0.6165055106121083 0.33952343344219377 17.689616284943828 0.8854036649355161 -0.46482292340068204 0.0 0.0 0.0 -1.0 0.0 0.0 0.0 0.0 0.0 0.0
-0.30030523597088515 0.6365343977459497 17.299853429813513 0.4445231530545677 -0.8957673617622074 0.0 0.0 0.0 -1.0 0.0 0.0 0.0 0.0 0.0 0.0
-0.03509431008844019 0.5834624716287079 16.905658605306407 -0.1650973603113045 -0.9862772742075321 0.0 0.0 0.0 -1.0 0.0 0.0 0.0 0.0 0.0 0.0
0.5559697111998123 0.4653821319558581 16.519407431321902 -0.7120328787563432 -0.702146124086685 0.0 0.0 0.0 -1.0 0.0 0.0 0.0 0.0 0.0 0.0
0.5552506456914769 0.1933038858887063 16.129611557877436 -0.988461700761351 -0.1514710075492252 0.0 0.0 0.0 -1.0 0.0 0.0 0.0 0.0 0.0 0.0
0.6157475346325427 -0.38280332824606716 15.739878052359705 -0.889372321445949 0.4571836325218166 0.0 0.0 0.0 -1.0 0.0 0.0 0.0 0.0 0.0 0.0
0.37448540345934095 -0.4487947092431714 15.346607184785157 -0.4525167724775811 0.8917558918372633 0.0 0.0 0.0 -1.0 0.0 0.0 0.0 0.0 0.0 0.0
0.04019331611489395 -0.5831259294043984 14.956844329654848 0.15650632491485345 0.9876769564294018 0.0 0.0 0.0 -1.0 0.0 0.0 0.0 0.0 0.0 0.0
-0.5518937837520544 -0.4702138119276826 14.570593155670345 0.7058931871702524 0.7083182958999599 0.0 0.0 0.0 -1.0 0.0 0.0 0.0 0.0 0.0 0.0
-0.6968700861633474 -0.0986360434587718 14.181750588771017 0.9871158408638558 0.16000723957259774 0.0 0.0 0.0 -1.0 0.0 0.0 0.0 0.0 0.0 0.0
-0.6190713782578069 0.3774103369335525 13.791067445409718 0.8934175183569476 -0.44922726753049286 0.0 0.0 0.0 -1.0 0.0 0.0 0.0 0.0 0.0 0.0
-0.31136559300447547 0.6312052196062523 13.402224878510392 0.4600882354718969 -0.887873197917561 0.0 0.0 0.0 -1.0 0.0 0.0 0.0 0.0 0.0 0.0
-0.045300148704703766 0.5827580809266649 13.008030054003289 -0.147875331451365 -0.9890060092578553 0.0 0.0 0.0 -1.0 0.0 0.0 0.0 0.0 0.0 0.0
0.3050403068012835 0.4986029584409485 12.618267198872974 -0.6997087925679859 -0.7144281668600778 0.0 0.0 0.0 -1.0 0.0 0.0 0.0 0.0 0.0 0.0
0.6959807039637984 0.1047336478188791 12.232936313119454 -0.9856834914408812 -0.16860621192860692 0.0 0.0 0.0 -1.0 0.0 0.0 0.0 0.0 0.0 0.0
0.5689246301948815 -0.1340377240353761 11.838745401894027 -0.8972450697049079 0.44153288087098885 0.0 0.0 0.0 -1.0 0.0 0.0 0.0 0.0 0.0 0.0
0.3651421988729749 -0.4608035923925803 11.452420609297961 -0.4678543670812542 0.8838055731907324 0.0 0.0 0.0 -1.0 0.0 0.0 0.0 0.0 0.0 0.0
0.02557818736792674 -0.587373796665884 11.062665091570787 0.13900736162199603 0.9902913477431233 0.0 0.0 0.0 -1.0 0.0 0.0 0.0 0.0 0.0 0.0
-0.4980504742185889 -0.4973033931709676 10.673884892598203 0.6932504926088848 0.7206967146432254 0.0 0.0 0.0 -1.0 0.0 0.0 0.0 0.0 0.0 0.0
-0.5374931517570634 -0.2297135477811693 10.279690068091101 0.9842239690663289 0.17692704348211494 0.0 0.0 0.0 -1.0 0.0 0.0 0.0 0.0 0.0 0.0
-0.5700790482898959 0.1290756828676528 9.889927212960789 0.901074415294057 -0.4336644994721996 0.0 0.0 0.0 -1.0 0.0 0.0 0.0 0.0 0.0 0.0
-0.32234056934690886 0.6256697047962603 9.504596327207265 0.47566936751127653 -0.8796241542905822 0.0 0.0 0.0 -1.0 0.0 0.0 0.0 0.0 0.0 0.0
-0.05545120137747515 0.5818736792674338 9.110401502700162 -0.13043594798767266 -0.9914567380741115 0.0 0.0 0.0 -1.0 0.0 0.0 0.0 0.0 0.0 0.0
0.29628238240588556 0.5038545824528449 8.720638647569855 -0.6870923457772959 -0.7265700987339437 0.0 0.0 0.0 -1.0 0.0 0.0 0.0 0.0 0.0 0.0
0.5481700516553182 0.21255723174454097 8.334358123972763 -0.9825917336361638 -0.18577805303608413 0.0 0.0 0.0 -1.0 0.0 0.0 0.0 0.0 0.0 0.0
0.6287237320967362 -0.3610736088283635 7.944620949753462 -0.904877877147071 0.42567126688303775 0.0 0.0 0.0 -1.0 0.0 0.0 0.0 0.0 0.0 0.0
0.29757572200046956 -0.6611660601080066 7.554854425921577 -0.4830280402123188 0.8756048837053425 0.0 0.0 0.0 -1.0 0.0 0.0 0.0 0.0 0.0 0.0
0.06053064099553885 -0.5813766924943258 7.161587227048604 0.1220463994905588 0.9925243958570443 0.0 0.0 0.0 -1.0 0.0 0.0 0.0 0.0 0.0 0.0
-0.3150864346090631 -0.49638999765203096 6.7752810225405025 0.6807849989806429 0.7324833002621466 0.0 0.0 0.0 -1.0 0.0 0.0 0.0 0.0 0.0 0.0
-0.6930030523597087 -0.12290550492006233 6.3864934861647695 0.9809735758747932 0.19414129760414559 0.0 0.0 0.0 -1.0 0.0 0.0 0.0 0.0 0.0 0.0
-0.6334286751051249 0.30679061096999577 5.996730631034458 0.9085485603624769 -0.41777926404175536 0.0 0.0 0.0 -1.0 0.0 0.0 0.0 0.0 0.0 0.0
-0.39371526962510767 0.43202238397119824 5.602535806527355 0.4907382236236617 -0.8713070617610608 0.0 0.0 0.0 -1.0 0.0 0.0 0.0 0.0 0.0 0.0
0.14045257102606246 0.7113062045081006 5.21628463254285 -0.11321518461804927 -0.9935704916974442 0.0 0.0 0.0 -1.0 0.0 0.0 0.0 0.0 0.0 0.0
0.31074269194646637 0.49911951162244655 4.826477752993659 -0.6742607592251573 -0.738493350389233 0.0 0.0 0.0 -1.0 0.0 0.0 0.0 0.0 0.0 0.0
0.5443766142286921 0.22209585583470295 4.436729572669639 -0.9792107382553249 -0.20284558187316162 0.0 0.0 0.0 -1.0 0.0 0.0 0.0 0.0 0.0 0.0
0.6349421812632072 -0.3500564980042264 4.0469923984503415 -0.9120959241974532 0.4099768591791417 0.0 0.0 0.0 -1.0 0.0 0.0 0.0 0.0 0.0 0.0
0.3974759333176801 -0.4285630429678328 3.6537215308757918 -0.4984947240022795 0.8668927327771822 0.0 0.0 0.0 -1.0 0.0 0.0 0.0 0.0 0.0 0.0
-0.0875116509068141 -0.698371363316186 3.268390645122272 0.10438344978439518 0.9945371262105345 0.0 0.0 0.0 -1.0 0.0 0.0 0.0 0.0 0.0 0.0
-0.5265320497769428 -0.498451807936135 2.8777075017609763 0.6678408727216085 0.7443040835051493 0.0 0.0 0.0 -1.0 0.0 0.0 0.0 0.0 0.0 0.0
-0.6907511366304511 -0.13498331518993648 2.488864934861647 0.9773714117470284 0.211530431615928 0.0 0.0 0.0 -1.0 0.0 0.0 0.0 0.0 0.0 0.0
-0.6379615226579007 0.3445094212256398 2.0981817915003522 0.9156557516305307 -0.4019633621437754 0.0 0.0 0.0 -1.0 0.0 0.0 0.0 0.0 0.0 0.0
-0.3147709262737732 0.6531499471706973 1.70841893637004 0.5060497653115994 -0.8625042811650704 0.0 0.0 0.0 -1.0 0.0 0.0 0.0 0.0 0.0 0.0
0.08142116160430318 0.699100656719816 1.3195763694707108 -0.09595428940761233 -0.9953857414813014 0.0 0.0 0.0 -1.0 0.0 0.0 0.0 0.0 0.0 0.0
0.3019781638882366 0.5044501350082178 0.9288492016905375 -0.6611715685432488 -0.7502347345664958 0.0 0.0 0.0 -1.0 0.0 0.0 0.0 0.0 0.0 0.0
0.5404107478281287 0.23155743719182903 0.5391010213665179 -0.9755251768386063 -0.21988776535770707 0.0 0.0 0.0 -1.0 0.0 0.0 0.0 0.0 0.0 0.0
0.5735794787508806 -0.12919332589809812 0.14962799366048368 -0.9191543992453963 0.3938973945443655 -0.00018143592563073336 0.0013377963547918758 0.00281664414397463 -0.9999951383965221 0.0 0.0 0.0 0.0 0.0 0.0
0.3887576308992722 -0.4410659779290914 -0.24046504461141113 -0.5136416899412263 0.8580047869064141 0.0 0.0 0.0 -1.0 0.0 0.0 0.0 0.0 0.0 0.0
0.05630723174454096 -0.5852349436487438 -0.6302205623385772 0.087263722986013 0.9961852451480199 0.0 0.0 0.0 -1.0 0.0 0.0 0.0 0.0 0.0 0.0
-0.29756471589575006 -0.5070805940361586 -1.0199760800657431 0.6547716598098371 0.7558267483424167 0.0 0.0 0.0 -1.0 0.0 0.0 0.0 0.0 0.0 0.0
-0.6882928842308979 -0.14701487758543402 -1.408763616441475 0.9735761073603887 0.22836278851203592 0.0 0.0 0.0 -1.0 0.0 0.0 0.0 0.0 0.0 0.0
-0.5746507396102369 0.12430294670110348 -1.7994981216247943 0.9226092291483732 -0.38573593336665507 0.0 0.0 0.0 -1.0 0.0 0.0 0.0 0.0 0.0 0.0
-0.3546464883633232 0.6079389812660533 -2.1882893267020993 0.5209061523205669 -0.8536139528349934 0.0 0.0 0.0 -1.0 0.0 0.0 0.0 0.0 0.0 0.0
-0.08583000704390703 0.5781795413633873 -2.582484151209204 -0.07824720404470467 -0.9969339873126939 0.0 0.0 0.0 -1.0 0.0 0.0 0.0 0.0 0.0 0.0
0.5132880370979104 0.5120736968772012 -2.9687353251937063 -0.648222201765074 -0.7614512309654767 0.0 0.0 0.0 -1.0 0.0 0.0 0.0 0.0 0.0 0.0
0.7160535043437427 0.11381412890349846 -3.3584981803240206 -0.9715203387831295 -0.23695618019100717 0.0 0.0 0.0 -1.0 0.0 0.0 0.0 0.0 0.0 0.0
0.5768959849729983 -0.0940322454410268 -3.751768803318463 -0.925829703144929 0.37794094879302587 0.0 0.0 0.0 -1.0 0.0 0.0 0.0 0.0 0.0 0.0
0.4121742193003052 -0.41443218282852 -4.141531658448775 -0.5284657347712194 0.8489546319873137 0.0 0.0 0.0 -1.0 0.0 0.0 0.0 0.0 0.0 0.0
-0.10928695116224466 -0.7167468889410659 -4.527783077013382 0.06976230409717996 0.9975636425447012 0.0 0.0 0.0 -1.0 0.0 0.0 0.0 0.0 0.0 0.0
-0.2649761289817641 -0.5209986694842295 -4.9210612819910775 0.6414015913992154 0.7672053170765657 0.0 0.0 0.0 -1.0 0.0 0.0 0.0 0.0 0.0 0.0
-0.7150299366048367 -0.12005459027940829 -5.30731245597558 0.96945848630034 0.2452554654645916 0.0 0.0 0.0 -1.0 0.0 0.0 0.0 0.0 0.0 0.0
-0.5767382308053532 0.1142470356891289 -5.697126672927917 0.929063585454304 -0.3699200645853009 0.0 0.0 0.0 -1.0 0.0 0.0 0.0 0.0 0.0 0.0
-0.4157705251624012 0.41084370352978 -6.090349847382015 0.53579490991047 -0.8443481595373034 0.0 0.0 0.0 -1.0 0.0 0.0 0.0 0.0 0.0 0.0
-0.07159837990138529 0.5835546783282461 -6.4766450457853955 -0.06131661355293688 -0.9981183661782804 0.0 0.0 0.0 -1.0 0.0 0.0 0.0 0.0 0.0 0.0
0.5042850434374266 0.5209446172810518 -6.866363876496829 -0.6346081402441205 -0.7728340755530252 0.0 0.0 0.0 -1.0 0.0 0.0 0.0 0.0 0.0 0.0
0.517797605071613 0.27118259372309617 -7.25965797918134 -0.9672810680782866 -0.25370718424461086 0.0 0.0 0.0 -1.0 0.0 0.0 0.0 0.0 0.0 0.0
0.5784573843625265 -0.08394771855678171 -7.649397354621587 -0.9323847651042351 0.3614673564812184 0.0 0.0 0.0 -1.0 0.0 0.0 0.0 0.0 0.0 0.0
0.41936291774281903 -0.407188698442514 -8.039160209751895 -0.5432587196164589 0.8395653420435396 0.0 0.0 0.0 -1.0 0.0 0.0 0.0 0.0 0.0 0.0
-0.050847759112610004 -0.7019858125751527 -8.424495008787096 0.052294161732899136 0.9986317242350422 0.0 0.0 0.0 -1.0 0.0 0.0 0.0 0.0 0.0 0.0
-0.2558425295452766 -0.525541989512405 -8.8186898332942 0.6278190839326843 0.7783592986853342 0.0 0.0 0.0 -1.0 0.0 0.0 0.0 0.0 0.0 0.0
-0.6827395817769144 -0.1709499313396942 -9.204020719047719 0.9650347360385934 0.26212202928964695 0.0 0.0 0.0 -1.0 0.0 0.0 0.0 0.0 0.0 0.0
-0.5786312808170933 0.10416911246771543 -9.594755224231038 0.9355214051294394 -0.3532700108198251 0.0 0.0 0.0 -1.0 0.0 0.0 0.0 0.0 0.0 0.0
-0.3485156433435079 0.6357823139234562 -9.98446671753933 0.5505172975655291 -0.8348237568979134 0.0 0.0 0.0 -1.0 0.0 0.0 0.0 0.0 0.0 0.0
0.04471457946452076 0.7023913708581471 -10.373309284438657 -0.04350204219252613 -0.9990533380781428 0.0 0.0 0.0 -1.0 0.0 0.0 0.0 0.0 0.0 0.0
0.2512444235736088 0.5277608202238397 -10.76750410894576 -0.6211440182925927 -0.7836964390242763 0.0 0.0 0.0 -1.0 0.0 0.0 0.0 0.0 0.0 0.0
0.7116437250528294 0.1387356186898333 -11.153755282930264 -0.9627253503605279 -0.270480867665717 0.0 0.0 0.0 -1.0 0.0 0.0 0.0 0.0 0.0 0.0
0.5795411188072317 -0.09908062338577124 -11.5434741136417 -0.9385102717618603 0.34525131396922876 0.0 0.00028718710948408673 0.0007775685883699678 -0.9999996564552682 0.0 0.0 0.0 0.0 0.0 0.0
0.4113054707677859 -0.4200993484386006 -11.93335069852078 -0.5578360368941365 0.8299511768424958 0.0 0.0 0.0 -1.0 0.0 0.0 0.0 0.0 0.0 0.0
0.11096501526179854 -0.5738827580809268 -12.326555529467011 0.03482082485862549 0.9993935712001378 0.0 0.0 0.0 -1.0 0.0 0.0 0.0 0.0 0.0 0.0
-0.2466345777569069 -0.5299287782734601 -12.716318384597326 0.6142014489370751 0.7891492761978544 0.0 0.0 0.0 -1.0 0.0 0.0 0.0 0.0 0.0 0.0
-0.5252663477342098 -0.2641134949518666 -13.102620920403849 0.9603446599225268 0.2788155916699894 0.0 0.0 0.0 -1.0 0.0 0.0 0.0 0.0 0.0 0.0
-0.6604469945996712 0.29915326367691947 -13.492332413712136 0.9414165217466863 -0.3372461009150008 0.0 0.0 0.0 -1.0 0.0 0.0 0.0 0.0 0.0 0.0
-0.42987007904828983 0.3960632386319167 -13.885606949988262 0.5649283576704914 -0.8251399582493393 0.0 0.0 0.0 -1.0 0.0 0.0 0.0 0.0 0.0 0.0
-0.11596618924630195 0.5729005243797448 -14.275369805118572 -0.026023499650052243 -0.9996613313847664 0.0 0.0 0.0 -1.0 0.0 0.0 0.0 0.0 0.0 0.0
0.26605790678563046 0.5242904731157549 -14.66166500352195 -0.6072615252636822 -0.794502007508116 0.0 0.0 0.0 -1.0 0.0 0.0 0.0 0.0 0.0 0.0
0.5080144008765751 0.28909368396337165 -15.05490725522423 -0.9577472380996526 -0.28761124441246594 0.0 0.0 0.0 -1.0 0.0 0.0 0.0 0.0 0.0 0.0
0.5810323237066605 -0.06370431243640917 -15.444654457227827 -0.9443999054950101 0.3287990548967804 0.0 0.0 0.0 -1.0 0.0 0.0 0.0 0.0 0.0 0.0
0.3910898133720392 -0.5851601243712067 -15.829989256263028 -0.5719830168594289 0.8202654621672097 0.0 0.0 0.0 -1.0 0.0 0.0 0.0 0.0 0.0 0.0
0.12096344994912733 -0.5718556781717147 -16.224184080770137 0.01740895708211547 0.9998484526233528 0.0 0.0 0.0 -1.0 0.0 0.0 0.0 0.0 0.0 0.0
-0.48107316858417465 -0.542446877201221 -16.61043525475463 0.6004475836573323 0.7996641165389822 0.0 0.0 0.0 -1.0 0.0 0.0 0.0 0.0 0.0 0.0
-0.5205814158253111 -0.2732302183611176 -17.00024947170698 0.9553346806411273 0.2955260529366495 0.0 0.0 0.0 -1.0 0.0 0.0 0.0 0.0 0.0 0.0
-0.5815645300148705 0.05862878610002349 -17.39347264616107 0.9471832664924783 -0.3206927808302499 0.0 0.0 0.0 -1.0 0.0 0.0 0.0 0.0 0.0 0.0
-0.42216849612585117 0.4091812925569383 -17.779775181967597 0.5790738814971891 -0.8152750700026214 0.0 0.0 0.0 -1.0 0.0 0.0 0.0 0.0 0.0 0.0
-0.10203025945057523 0.5790164944822728 -18.169530699694768 -0.008890956860539697 -0.9999604746619258 0.0 0.0 0.0 -1.0 0.0 0.0 0.0 0.0 0.0 0.0
0.4288743267376749 0.5580481974001578 -18.558329242175216 -0.5933773572343467 -0.8049244137939802 0.0 0.0 0.0 -1.0 0.0 0.0 0.0 0.0 0.0 0.0
0.5181710788917585 0.27777940831181025 -18.94904540385067 -0.9526513845270405 -0.3040646963373299 0.0 0.0 0.0 -1.0 0.0 0.0 0.0 0.0 0.0 0.0
0.5826411716365344 -0.07881471589575019 -19.338767903263676 -0.9499456283813016 0.3124152735050804 0.0 0.00025998379627239295 0.0007872728950634216 -0.9999996563048481 0.0 0.0 0.0 0.0 0.0 0.0
0.4012394430332914 -0.5782336158011198 -19.727617807566155 -0.5863831142735572 0.8100338531782759 0.0 0.0 0.0 -1.0 0.0 0.0 0.0 0.0 0.0 0.0
0.012209438835407378 -0.6714812654795537 -20.112831271917532 0.0001866716413248117 0.999999982576849 0.0 0.0 0.0 -1.0 0.0 0.0 0.0 0.0 0.0 0.0
0.14554756909466857 0.5750971377500398 -20.030277439047484 -1.6191997980756412e-17 -1.0 0.0 0.0 0.0 1.0 0.0 0.0 0.0 0.0 0.0 0.0
-0.22797213743445258 0.5382171088674963 -19.633998591218596 0.5863027536146136 -0.8100920201458114 0.0 0.0 0.0 1.0 0.0 0.0 0.0 0.0 0.0 0.0
-0.7049189950692653 0.1696407607419582 -19.24774741723409 0.9499440002858689 -0.3124202239306559 0.0 0.0 0.0 1.0 0.0 0.0 0.0 0.0 0.0 0.0
-0.6704772247006339 -0.27593405142052124 -18.857984562103777 0.9525994179591407 0.30422746244201265 0.0 0.0 0.0 1.0 0.0 0.0 0.0 0.0 0.0 0.0
-0.44342568678093436 -0.3808210064960476 -18.464721765672692 0.5935479577719184 0.8047986219078566 0.0 0.0 0.0 1.0 0.0 0.0 0.0 0.0 0.0 0.0
0.05270823550129137 -0.7231230922751821 -18.078458851843155 0.00858177352454568 0.9999631759035796 0.0 0.0 0.0 1.0 0.0 0.0 0.0 0.0 0.0 0.0
0.4667322141347733 -0.5548544259215779 -17.688695996712838 -0.5794191578818066 0.8150297169303325 0.0 0.0 0.0 1.0 0.0 0.0 0.0 0.0 0.0 0.0
0.671035312030851 -0.2123062036187183 -17.299853429813513 -0.9472926980818028 0.3203693870532861 0.0 0.0 0.0 1.0 0.0 0.0 0.0 0.0 0.0 0.0
0.6728618807231744 0.27006779760507166 -16.909170286452216 -0.9552532739045868 -0.2957890848130954 0.0 0.0 0.0 1.0 0.0 0.0 0.0 0.0 0.0 0.0
0.43272701925334583 0.39800642756515603 -16.519356069499878 -0.6003482866411755 -0.7997386665198857 0.0 0.0 0.0 1.0 0.0 0.0 0.0 0.0 0.0 0.0
-0.001746746639914047 0.7038108248486271 -16.13056486442258 -0.017364328341301763 -0.999849228684633 0.0 0.0 0.0 1.0 0.0 0.0 0.0 0.0 0.0 0.0
-0.21855286843546998 0.5421147374187993 -15.736370039915474 0.5719317387460596 -0.8203012167581546 0.0 0.0 0.0 1.0 0.0 0.0 0.0 0.0 0.0 0.0
-0.669146264239009 0.2181512234341537 -15.35103915416195 0.944378325947912 -0.32886103064945094 0.0 0.0 0.0 1.0 0.0 0.0 0.0 0.0 0.0 0.0
-0.6699573808049976 -0.2156502806890222 -14.961276299031638 0.9578262852211514 0.2873478855663454 0.0 0.0 0.0 1.0 0.0 0.0 0.0 0.0 0.0 0.0
-0.3920264440009391 -0.6099142991312517 -14.570593155670345 0.6073739644876964 0.7944160542577791 0.0 0.0 0.0 1.0 0.0 0.0 0.0 0.0 0.0 0.0
-0.004379317950578811 -0.7038072673198291 -14.181750588771017 0.02613486081539207 0.9996584261887458 0.0 0.0 0.0 1.0 0.0 0.0 0.0 0.0 0.0 0.0
0.40914071449408385 -0.5726909859335311 -13.7919877336407 -0.564871340013667 0.8251789922381471 0.0 0.0 0.0 1.0 0.0 0.0 0.0 0.0 0.0 0.0
0.5081738671049542 -0.2956753345855835 -13.401253228457383 -0.9414665707373351 0.3371063573771379 0.0 0.0 0.0 1.0 0.0 0.0 0.0 0.0 0.0 0.0
0.6774734386006104 0.2582875968537215 -13.011541735149095 -0.9602898274824081 -0.2790043856891984 0.0 0.0 0.0 1.0 0.0 0.0 0.0 0.0 0.0 0.0
0.4211865070047741 0.5638896596867953 -12.622699168249765 -0.6144187315328851 -0.7889801153017233 0.0 0.0 0.0 1.0 0.0 0.0 0.0 0.0 0.0 0.0
0.01053028524265905 0.703736116743865 -12.232936313119454 -0.03509230597042572 -0.9993840753492513 0.0 0.0 0.0 1.0 0.0 0.0 0.0 0.0 0.0 0.0
-0.45203539563277767 0.5668767609767552 -11.842253169758159 0.5578381429344406 -0.82994976130333 0.0 0.0 0.0 1.0 0.0 0.0 0.0 0.0 0.0 0.0
-0.6985684726461611 0.19414034984738202 -11.45249031462785 0.9385563383360699 -0.3451260635900873 0.0 0.0 0.0 1.0 0.0 0.0 0.0 0.0 0.0 0.0
-0.5855064275651561 -0.0533649330828833 -11.062632073256632 0.9626524022560211 0.27074031746766886 0.00018146133878616734 -5.788099044113605e-05 -0.00022370182682406004 0.9999999733036414 0.0 0.0 0.0 0.0 0.0 0.0
-0.42609233921748585 -0.5601862722078734 -10.673884892598203 0.621204978168053 0.7836481194383286 0.0 0.0 0.0 1.0 0.0 0.0 0.0 0.0 0.0 0.0
-0.15565469202473195 -0.5634069030288799 -10.279693981372779 0.04377982287247777 0.9990412039096558 0.0 0.0 0.0 1.0 0.0 0.0 0.0 0.0 0.0 0.0
0.2288352606245598 -0.5415627201220943 -9.893383863583 -0.5505059660152789 0.8348312292802568 0.0 0.0 0.0 1.0 0.0 0.0 0.0 0.0 0.0 0.0
0.6968478516083588 -0.20022305705564689 -9.503676038976282 -0.9354679832590577 0.3534114490183241 0.0 0.0 0.0 1.0 0.0 0.0 0.0 0.0 0.0 0.0
0.584065117007122 0.023021836111763325 -9.110401502700162 -0.9649664642606876 -0.2623732510227126 0.0 0.0 0.0 1.0 0.0 0.0 0.0 0.0 0.0 0.0
0.4309590386134176 0.5564437519121718 -8.725070616946644 -0.6278327500504064 -0.7783482754937817 0.0 0.0 0.0 1.0 0.0 0.0 0.0 0.0 0.0 0.0
0.16055412068560695 0.5620333411598968 -8.330875792439539 -0.05221976005570553 -0.9986356175601412 0.0 0.0 0.0 1.0 0.0 0.0 0.0 0.0 0.0 0.0
-0.3940105445153577 0.5832034835321991 -7.945544906686019 0.5432280492557978 -0.8395851871619344 0.0 0.0 0.0 1.0 0.0 0.0 0.0 0.0 0.0 0.0
-0.6611382669142706 0.24138544401516926 -7.555782051555707 0.9322636785887382 -0.3617795372657137 0.0 0.0 0.0 1.0 0.0 0.0 0.0 0.0 0.0 0.0
-0.6770795534589852 -0.1921456879193437 -7.166019196425396 0.9673111705985927 0.25359238796773914 0.0 0.0 0.0 1.0 0.0 0.0 0.0 0.0 0.0 0.0
-0.44968008922282227 -0.37875308170932137 -6.775270016435783 0.6346001370892458 0.7728406472270403 0.0 0.0 0.0 1.0 0.0 0.0 0.0 0.0 0.0 0.0
0.014788536041324261 -0.724891406433435 -6.385573197933787 0.06099628550268951 0.9981379930424823 0.0 0.0 0.0 1.0 0.0 0.0 0.0 0.0 0.0 0.0
0.3888983756323507 -0.5866151536496688 -5.996730631034458 -0.5355095452372499 0.8445291747238777 0.0 0.0 0.0 1.0 0.0 0.0 0.0 0.0 0.0 0.0
0.6932378492603899 -0.21235912185959144 -5.606047487673161 -0.9290800582286394 0.3698786901159189 0.0 0.0 0.0 1.0 0.0 0.0 0.0 0.0 0.0 0.0
0.5867060929795728 0.03800041089457621 -5.216233270720825 -0.9694447823881926 -0.2453096286335086 0.0 0.0 0.0 1.0 0.0 0.0 0.0 0.0 0.0 0.0
0.4406106142429223 0.5488377553416295 -4.8274420656435195 -0.6414872887319154 -0.7671336639695695 0.0 0.0 0.0 1.0 0.0 0.0 0.0 0.0 0.0 0.0
0.14714795139704157 0.5692247299835641 -4.4367148978633475 -0.06984176427764889 -0.9975580825007562 0.0 0.0 0.0 1.0 0.0 0.0 0.0 0.0 0.0 0.0
-0.3837648615765544 0.5899841334215601 -4.047916355382898 0.5284035825475603 -0.8489933179659916 0.0 0.0 0.0 1.0 0.0 0.0 0.0 0.0 0.0 0.0
-0.6568194269532611 0.25288693461973577 -3.658153500252584 0.9259449198089075 -0.37765858322044765 0.0 0.0 0.0 1.0 0.0 0.0 0.0 0.0 0.0 0.0
-0.5870032578069969 -0.03290091570791268 -3.2673713019488133 0.9715661623853936 0.23676822444686066 -6.445744901897847e-16 8.76398022945303e-05 -0.0003908795570277681 0.9999999197662153 0.0 0.0 0.0 0.0 0.0 0.0
-0.45622872153087585 -0.37085069852077945 -2.87764146513266 0.6480380364044845 0.7616079722357296 0.0 0.0 0.0 1.0 0.0 0.0 0.0 0.0 0.0 0.0
-0.04121752865589448 -0.7026119376436352 -2.488864934861647 0.0784241310463461 0.9969200848962898 0.0 0.0 0.0 1.0 0.0 0.0 0.0 0.0 0.0 0.0
0.18504343742662596 -0.5544533145495811 -2.094670110354543 -0.5209998516967624 0.8535567670237003 0.0 0.0 0.0 1.0 0.0 0.0 0.0 0.0 0.0 0.0
0.6894297370274712 -0.2244254813336464 -1.70841893637004 -0.9225352086745137 0.38591292898252516 0.0 0.0 0.0 1.0 0.0 0.0 0.0 0.0 0.0 0.0
0.5845112311184157 0.0026179854425921615 -1.3151444000939188 -0.9735957477170638 -0.22827903983338346 0.0 0.0 0.0 1.0 0.0 0.0 0.0 0.0 0.0 0.0
0.4285226872505283 0.5848570673867105 -0.9288858887062691 -0.6548524260531726 -0.7557567731038037 0.0 0.0 0.0 1.0 0.0 0.0 0.0 0.0 0.0 0.0
0.15706445174923692 0.566564921343038 -0.5390863465602254 -0.0870836787685887 -0.996201000246501 0.0 0.0 0.0 1.0 0.0 0.0 0.0 0.0 0.0 0.0
-0.2049923691007278 0.5510353075839399 -0.14932716013148625 0.5136416899412262 -0.8580047869064142 0.0 0.0 0.0 1.0 0.0 0.0 0.0 0.0 0.0 0.0
-0.48915531814980034 0.32616958206151675 0.2404283575956797 0.9190887169518549 -0.3940506698024928 0.0 0.0 0.0 1.0 0.0 0.0 0.0 0.0 0.0 0.0
-0.5874875264146514 -0.022650563512561624 0.6302609180558817 0.9755164024698081 0.21992668894966663 -1.611667813871253e-16 8.087959052668817e-05 -0.00039244010340269556 0.9999999197246253 0.0 0.0 0.0 0.0 0.0 0.0
-0.4336185137356187 -0.5810783047663771 1.019921049542146 0.6612081035955405 0.7502025351460689 0.0 0.0 0.0 1.0 0.0 0.0 0.0 0.0 0.0 0.0
-0.1849221256946075 -0.5544885340846833 1.4131916725365896 0.09582524326059585 0.9953981729710214 0.0 0.0 0.0 1.0 0.0 0.0 0.0 0.0 0.0 0.0
0.20018270133834234 -0.5527962843390468 1.7995017903263675 -0.5059336362744692 0.8625724060541776 0.0 0.0 0.0 1.0 0.0 0.0 0.0 0.0 0.0 0.0
0.486297399624325 -0.33041060108006565 2.189260976755106 -0.9156652072132931 0.4019418220327873 0.0 0.0 0.0 1.0 0.0 0.0 0.0 0.0 0.0 0.0
0.5844564451749236 -0.007580026610315402 2.582484151209204 -0.9774041468130072 -0.21137912336069817 0.0 0.0 0.0 1.0 0.0 0.0 0.0 0.0 0.0 0.0
0.46577468302418407 0.3587733329420051 2.9687866870157302 -0.6678813953904 -0.744267721785227 0.0 0.0 0.0 1.0 0.0 0.0 0.0 0.0 0.0 0.0
0.18975502856695625 0.5528645221883071 3.3620098614698284 -0.10461939563310552 -0.9945123337884572 0.0 0.0 0.0 1.0 0.0 0.0 0.0 0.0 0.0 0.0
-0.36294620304951364 0.6030224764669471 3.7473407472233498 0.49864999968180074 -0.8668034251301386 0.0 0.0 0.0 1.0 0.0 0.0 0.0 0.0 0.0 0.0
-0.4833881192768254 0.3346516200986147 4.138056908898802 0.9120979217459654 -0.40997241510459065 0.0 0.0 0.0 1.0 0.0 0.0 0.0 0.0 0.0 0.0
-0.6956518548955153 -0.2043320028175628 4.527786745714955 0.9792604195071027 0.20260560403595224 0.0 0.0 0.0 1.0 0.0 0.0 0.0 0.0 0.0 0.0
-0.4436890995538859 -0.5734253932848087 4.917549600845269 0.674295900448235 0.7384612641423407 0.0 0.0 0.0 1.0 0.0 0.0 0.0 0.0 0.0 0.0
-0.17182730687954917 -0.5622578656961729 5.307374823902325 0.11339819451313203 0.9935496210462574 0.0 0.0 0.0 1.0 0.0 0.0 0.0 0.0 0.0 0.0
0.3576703878417895 -0.60617088945335 5.696155022874909 -0.49102336795071916 0.8711464010867133 0.0 0.0 0.0 1.0 0.0 0.0 0.0 0.0 0.0 0.0
0.46283165062221177 -0.35698129451357896 6.090349847382015 -0.9085258831594792 0.41782857684616104 0.0 0.0 0.0 1.0 0.0 0.0 0.0 0.0 0.0 0.0
0.5842451279643108 -0.017774125381544964 6.480112702512326 -0.9809653147925953 -0.19418303523702682 0.0 0.0 0.0 1.0 0.0 0.0 0.0 0.0 0.0 0.0
0.4486858710965014 0.5695439070204273 6.866371213899975 -0.6807014894588136 -0.7325609068524969 0.0 0.0 0.0 1.0 0.0 0.0 0.0 0.0 0.0 0.0
0.0718265064355696 0.7001465701864857 7.255206443396158 -0.12173640471333473 -0.9925624654234468 0.0 0.0 0.0 1.0 0.0 0.0 0.0 0.0 0.0 0.0
-0.18564363700399159 0.5578664299131252 7.645929942474761 0.4833459184642991 -0.8754294506720135 0.0 0.0 0.0 1.0 0.0 0.0 0.0 0.0 0.0 0.0
-0.47748884714721745 0.3430456092979573 8.035685460201922 0.9049091334346334 -0.42560481696825375 0.0 0.0 0.0 1.0 0.0 0.0 0.0 0.0 0.0 0.0
-0.6991151091805586 -0.19216658840103307 8.42541529701808 0.982592337145463 0.18577486100927887 0.0 0.0 0.0 1.0 0.0 0.0 0.0 0.0 0.0 0.0
-0.473286516254349 -0.5209218268621884 8.814257863917412 0.6870346884993402 0.7266246189048472 0.0 0.0 0.0 1.0 0.0 0.0 0.0 0.0 0.0 0.0
-0.07794189843966787 -0.6994990999452141 9.204020719047719 0.13051247094804985 0.9914466677169451 0.0 0.0 0.0 1.0 0.0 0.0 0.0 0.0 0.0 0.0
0.1557838303201065 -0.563379510057134 9.598215543554824 -0.4755545682373358 0.879686223962045 0.0 0.0 0.0 1.0 0.0 0.0 0.0 0.0 0.0 0.0
0.6401488470049164 -0.29251780543163497 9.983546429308348 -0.9011205724311003 0.4335685804361821 0.0 0.0 0.0 1.0 0.0 0.0 0.0 0.0 0.0 0.0
0.6900752061587938 0.13841988800899344 10.373309284438657 -0.984170297321419 -0.17722535335066922 0.0 0.0 0.0 1.0 0.0 0.0 0.0 0.0 0.0 0.0
0.4893323941457305 0.31967989355873827 10.76750410894576 -0.693424334164441 -0.720529453102787 0.0 0.0 0.0 1.0 0.0 0.0 0.0 0.0 0.0 0.0
0.04213503756750409 0.7238201455740785 11.153762620333412 -0.1389661634485769 -0.9902971298637513 0.0 0.0 0.0 1.0 0.0 0.0 0.0 0.0 0.0 0.0
-0.39030949166470996 0.6110185783047662 11.543518138060579 0.4681276393842348 -0.8836608587260973 0.0 0.0 0.0 1.0 0.0 0.0 0.0 0.0 0.0 0.0
-0.6375696386262246 0.298081780472013 11.932360704959907 0.8972480891538339 -0.44152674495413474 0.0 0.0 0.0 1.0 0.0 0.0 0.0 0.0 0.0 0.0
-0.5835798700790481 0.03306723017922829 12.326551616185332 0.9857262564085094 0.16835601393138783 0.0 0.0 0.0 1.0 0.0 0.0 0.0 0.0 0.0 0.0
-0.4823155243441694 -0.512586536888016 12.71188641522053 0.6995989764026438 0.7145357039479364 0.0 0.0 0.0 1.0 0.0 0.0 0.0 0.0 0.0 0.0
-0.09013354963108426 -0.6980298405515593 13.101649270350842 0.14808476493784206 0.9889746722708849 0.0 0.0 0.0 1.0 0.0 0.0 0.0 0.0 0.0 0.0
0.14592627377318615 -0.565993582218048 13.495840181576266 -0.46022812796444185 0.8878006928530441 0.0 0.0 0.0 1.0 0.0 0.0 0.0 0.0 0.0 0.0
0.46833910542380847 -0.3554054648978634 13.882146630664476 -0.8934088204988464 0.4492445653036441 0.0 0.0 0.0 1.0 0.0 0.0 0.0 0.0 0.0 0.0
0.583266807544807 -0.03815449636064803 14.275369805118572 -0.9871590757186296 -0.15974028679810548 0.0 0.0 0.0 1.0 0.0 0.0 0.0 0.0 0.0 0.0
0.4839127436017845 0.33390320497769427 14.661668672223524 -0.7058358258667305 -0.7083754561833931 0.0 0.0 0.0 1.0 0.0 0.0 0.0 0.0 0.0 0.0
0.09621336634720057 0.6972116089279744 15.050463546002403 -0.1562501531176012 -0.9877175151077996 0.0 0.0 0.0 1.0 0.0 0.0 0.0 0.0 0.0 0.0
-0.33089998363536754 0.6211943335681301 15.440226401132714 0.4525096007778533 -0.8917595310417871 0.0 0.0 0.0 1.0 0.0 0.0 0.0 0.0 0.0 0.0
-0.4652280464897863 0.3594887297487672 15.83094256280817 0.8894016032349885 -0.45712666533799123 0.0 0.0 0.0 1.0 0.0 0.0 0.0 0.0 0.0 0.0
-0.7053849201690537 -0.1676413183845973 16.22067239962432 0.9885221465977482 0.15107602617814647 0.0 0.0 0.0 1.0 0.0 0.0 0.0 0.0 0.0 0.0
-0.4868073491429913 -0.3296768607654378 16.610504960084526 0.7120782637827016 0.7021000970290585 0.0 0.0 0.0 1.0 0.0 0.0 0.0 0.0 0.0 0.0
-0.10229674059211509 -0.6963471294300126 16.99927782165397 0.1650955092431096 0.9862775840643233 0.0 0.0 0.0 1.0 0.0 0.0 0.0 0.0 0.0 0.0
0.13601393128277373 -0.5684628629568756 17.39346873287939 -0.4446279352027259 0.8957153561468959 0.0 0.0 0.0 1.0 0.0 0.0 0.0 0.0 0.0 0.0
0.4435078656961728 -0.3807153478907411 17.783235501291383 -0.8854237512189266 0.46478466065201046 0.0 0.0 0.0 1.0 0.0 0.0 0.0 0.0 0.0 0.0
0.7068340572904438 0.1614889058464428 18.169486675275888 -0.9897620606357023 -0.1427272340030749 0.0 0.0 0.0 1.0 0.0 0.0 0.0 0.0 0.0 0.0
0.49555664653105364 0.4997936633297046 18.558329242175216 -0.7180360950786782 -0.69600586647252 0.0 0.0 0.0 1.0 0.0 0.0 0.0 0.0 0.0 0.0
0.20584350786569616 0.5507197992486499 18.949056409955386 -0.17363007984240167 -0.9848109439755028 0.0 0.0 0.0 1.0 0.0 0.0 0.0 0.0 0.0 0.0
-0.1561839633716835 0.5668143930500116 19.33881559638413 0.4367319799055373 -0.8995916727759262 0.0 0.0 0.0 1.0 0.0 0.0 0.0 0.0 0.0 0.0
-0.6647503815449636 0.2894752289269782 19.728538095797138 0.881344058450192 -0.4724750264665262 0.0 0.0 0.0 1.0 0.0 0.0 0.0 0.0 0.0 0.0
-0.6670617818812533 -0.07785789485643303 20.112831271917532 0.9909750114901937 0.13404673290315733 0.0 0.0 0.0 1.0 0.0 0.0 0.0 0.0 0.0 0.0
